3.559856489878782115e-01	3.752796526604121823e+02
6.031648866026231293e-01	2.585956762280774228e+02
8.579160745827347778e-01	1.749599311563501374e+02
1.113464310595710716e+00	1.557767639846332202e+02
1.374039914321364408e+00	1.221547730200871200e+02
1.619154704570298309e+00	1.090049423139843157e+02
1.870686673430271840e+00	9.401500472665844654e+01
2.123290040706380832e+00	8.055441602270913393e+01
2.378144976376236119e+00	6.898106790131360810e+01
2.630489925835516996e+00	5.990606211716983154e+01
2.878653162679494670e+00	5.124193766006528961e+01
3.131144366275339319e+00	4.613095265023009972e+01
3.388159578333816313e+00	4.088161420399031698e+01
3.638741848210948149e+00	3.633133005169287344e+01
3.888315910732085268e+00	3.293424068213533218e+01
4.139052155837465996e+00	2.983646925853099674e+01
4.390305777018236988e+00	2.818049734686193375e+01
4.642172339120373081e+00	2.570250123090836780e+01
4.894678666149941293e+00	2.380229948212679503e+01
5.147269052361176378e+00	2.208323958750706595e+01
5.398003206656323272e+00	1.980014161876355416e+01
5.647798235368590269e+00	1.825073983898447949e+01
5.900534302989873581e+00	1.699253185726244908e+01
6.151460297009074374e+00	1.581610619542152740e+01
6.402630176204441526e+00	1.435081928906461712e+01
6.655964674748322096e+00	1.364303678676642662e+01
6.908782583105771202e+00	1.281405693153848624e+01
7.159060853508338873e+00	1.180608603648667909e+01
7.409414762591408632e+00	1.093084932364576467e+01
7.659227149364629561e+00	1.016538232747413417e+01
7.911559474606142395e+00	9.804147713208790194e+00
8.163750941790897997e+00	9.070249161523193493e+00
8.415757210439384295e+00	8.618275067337673789e+00
8.667638839289207198e+00	8.143712709788189841e+00
8.918801124864609520e+00	7.674033461462787642e+00
9.170480108345369530e+00	7.161544647561497001e+00
9.420566033467249412e+00	6.758177314529863366e+00
9.671642335271435797e+00	6.378985822989509558e+00
9.923426157758477473e+00	6.048970308562195086e+00
1.017396902749181820e+01	5.786648395458549921e+00
1.042533700753922155e+01	5.459379078952393272e+00
1.067702948358784276e+01	5.328944815220956421e+00
1.092969337256462303e+01	4.921864095950714280e+00
1.118211872033766419e+01	4.706725158479688531e+00
1.143346516925797296e+01	4.474588397594958522e+00
1.168350508557724687e+01	4.304650539173549895e+00
1.193379937775929100e+01	4.180242445138634189e+00
1.218553055762879112e+01	4.030615411249750757e+00
1.243711650801278878e+01	3.826084951120654498e+00
1.268867268647359303e+01	3.666807256938851456e+00
1.294075027177769144e+01	3.560563979084828912e+00
1.319267287020158363e+01	3.363357896085016119e+00
1.344470571782862756e+01	3.241506211324429731e+00
1.369480150283709641e+01	3.079091189067313383e+00
1.394591277066507828e+01	2.988681075298030621e+00
1.419764645764527167e+01	2.874912239399394664e+00
1.444766774168416212e+01	2.774050777767994358e+00
1.469906835825429070e+01	2.652327726499229321e+00
1.495059118111036511e+01	2.571266344266538884e+00
1.520261612590052991e+01	2.455037968145914906e+00
1.545415944503929495e+01	2.376176131883341647e+00
1.570456072545780124e+01	2.290548090024014716e+00
1.595705800128773966e+01	2.222072757883663208e+00
1.620829297830731619e+01	2.116336976804275682e+00
1.645966591028190962e+01	2.078930051312995797e+00
1.671125708846596325e+01	2.013606019990425988e+00
1.696160259490052624e+01	1.967609171081133868e+00
1.721370276108077135e+01	1.896755435579730253e+00
1.746543424102250341e+01	1.845340810312082525e+00
1.771598473288305442e+01	1.770668285521226792e+00
1.796653767411944003e+01	1.736663392255373140e+00
1.821765658501893270e+01	1.687315049613173912e+00
1.847053788120423334e+01	1.623672630687960305e+00
1.872257696809484173e+01	1.586854534486941803e+00
1.897394097105746269e+01	1.545452374060373169e+00
1.922542454726159988e+01	1.507161023276737399e+00
1.947607703355479103e+01	1.466244065838192778e+00
1.972678839839982601e+01	1.417010486234490996e+00
1.997802698857814363e+01	1.382909793558537936e+00
2.022863620534168660e+01	1.336368852782261252e+00
2.047969598507238231e+01	1.305972413355254158e+00
2.073250439107362553e+01	1.271338949330582668e+00
2.098435855211640089e+01	1.233123748196021108e+00
2.123502923393334640e+01	1.207693485829545166e+00
2.148629411178690773e+01	1.168110782261267744e+00
2.173831825513516591e+01	1.139521185088828936e+00
2.198972260956887226e+01	1.112135881162349182e+00
2.223974971000711420e+01	1.088202220185257030e+00
2.249141870643862973e+01	1.054548760525076068e+00
2.274404614890906373e+01	1.027488689882915196e+00
2.299521835768831579e+01	9.987501831110634498e-01
2.324620084136223852e+01	9.866844688248807005e-01
2.349757798664387209e+01	9.613430923262832328e-01
2.374870488118759937e+01	9.367280062980540833e-01
2.399988781917473091e+01	9.205488536787348464e-01
2.425071646049711305e+01	9.010998246829035052e-01
2.450187830577813841e+01	8.833348444816491174e-01
2.475391093216606109e+01	8.663444665196560202e-01
2.500524226975159792e+01	8.444681656904517997e-01
2.525610980153284402e+01	8.277144810681282827e-01
2.550801425092822328e+01	8.123106811581030096e-01
2.575943113325822864e+01	7.955753454949706649e-01
2.601074166866445125e+01	7.788903073611442851e-01
2.626234447079615464e+01	7.636599257718769129e-01
2.651347712943701751e+01	7.444281743433779353e-01
2.676474177984877656e+01	7.299263808724439917e-01
2.701628079430242479e+01	7.221673366717263898e-01
2.726734205837282232e+01	7.075253439929038990e-01
2.751837013544679422e+01	6.920228068817833034e-01
2.776937726815812724e+01	6.792999477506845851e-01
2.802070160973895341e+01	6.653056095119116442e-01
2.827249982643487058e+01	6.544664292165980335e-01
2.852407603869968966e+01	6.423287137241640021e-01
2.877567300468570721e+01	6.312186411650737572e-01
2.902733523039245256e+01	6.224393254265163655e-01
2.927861073083739996e+01	6.115870065736505046e-01
2.953003196193969160e+01	6.006919283951572819e-01
2.978106336846375157e+01	5.899147699038926884e-01
3.003148440777084716e+01	5.816927053629983302e-01
3.028303386126418673e+01	5.690115414224428125e-01
3.053456493440382857e+01	5.607644821562776105e-01
3.078585183944906944e+01	5.493443340697877764e-01
3.103757946070165730e+01	5.404364021342844548e-01
3.128931656795834826e+01	5.368629483256699420e-01
3.154125974608096428e+01	5.270480870616414126e-01
3.179158626791808828e+01	5.216517130503702804e-01
3.204196438636942190e+01	5.130043720336040503e-01
3.229345624690945016e+01	5.030620649983136294e-01
3.254491795349546379e+01	4.963484167284551996e-01
3.279661199584414533e+01	4.853355348888990228e-01
3.304781054557115993e+01	4.761899383649823014e-01
3.329958828032162188e+01	4.731916931838145435e-01
3.355183723684311303e+01	4.638414655993082780e-01
3.380253855881218072e+01	4.563773344018949296e-01
3.405313147025059095e+01	4.503198338935888168e-01
3.430479305560803738e+01	4.417740275704396535e-01
3.455623390824965924e+01	4.380164261055059516e-01
3.480735498195039668e+01	4.312706519607122368e-01
3.505856438430107858e+01	4.224032810821722328e-01
3.531001549359893943e+01	4.169278542969513945e-01
3.556133107357548084e+01	4.099427160821557115e-01
3.581233698845250757e+01	4.036143266519173767e-01
3.606382608666838507e+01	3.991699690321793281e-01
3.631533331237931606e+01	3.921147706487732587e-01
3.656697642527945646e+01	3.880217692174134370e-01
3.681852327087045751e+01	3.813955032622001196e-01
3.706973766105884494e+01	3.760177333657298004e-01
3.732129678941971207e+01	3.712600368422977470e-01
3.757306314229551703e+01	3.651195241282895743e-01
3.782389924159279104e+01	3.607907263495537808e-01
3.807464007418068519e+01	3.572046178492684909e-01
3.832565302212735503e+01	3.502707366058903649e-01
3.857740378043642693e+01	3.477730899373246420e-01
3.882942253427300017e+01	3.422110343508054098e-01
3.908032307380011616e+01	3.386282608609501033e-01
3.933129330145365543e+01	3.332442717060410953e-01
3.958227876786669697e+01	3.283211925235725026e-01
3.983382520768443413e+01	3.240010000890076736e-01
4.008544842975349098e+01	3.182889299714750098e-01
4.033619301340542052e+01	3.152044911827434626e-01
4.058776599344974301e+01	3.098099813950904169e-01
4.083970221749189022e+01	3.065381477436865953e-01
4.109095921749577940e+01	3.021810372159975944e-01
4.134236727584069371e+01	2.998756885276453454e-01
4.159390229570379915e+01	2.960733513300022879e-01
4.184507899773220174e+01	2.910992852495330463e-01
4.209613747244114279e+01	2.870975178266851890e-01
4.234722818606434913e+01	2.843482487240794887e-01
4.259857332263157303e+01	2.818751094204459684e-01
4.285027109763341713e+01	2.767332507383101770e-01
4.310176195204312677e+01	2.740978552998172835e-01
4.335299280752174411e+01	2.709828767745990907e-01
4.360432095771267313e+01	2.665362261604177774e-01
4.385558663826572712e+01	2.632406471662465663e-01
4.410724528235365938e+01	2.614783026079907646e-01
4.435852190379520010e+01	2.584112282094668811e-01
4.460901713855037087e+01	2.554294281574590042e-01
4.486008510459071630e+01	2.518101567483073677e-01
4.511170295299168487e+01	2.498662862357223513e-01
4.536358210673532199e+01	2.469131701423084579e-01
4.561456198601624124e+01	2.428773896406849486e-01
4.586556721283918137e+01	2.413396896768343347e-01
4.611769651966599781e+01	2.386894787991751532e-01
4.636915627004315610e+01	2.355955204825114502e-01
4.662034887549072693e+01	2.333505004997532828e-01
4.687172305024841279e+01	2.296974844355198497e-01
4.712349745478636009e+01	2.274253593532381545e-01
4.737470617006108142e+01	2.254740108781645158e-01
4.762538569197067062e+01	2.231546224997290606e-01
4.787648835337603259e+01	2.210380047126037917e-01
4.812806309416585293e+01	2.186755935440398424e-01
4.837947377766823820e+01	2.151799303076645797e-01
4.863055608299239907e+01	2.125751502382350611e-01
4.888199020684587026e+01	2.109410985256580939e-01
4.913362466485948232e+01	2.099685628479838750e-01
4.938531946307731602e+01	2.060641831815677172e-01
4.963608988707425596e+01	2.049881657353043729e-01
4.988699356578750610e+01	2.023803791239616179e-01
5.013861839733769443e+01	2.009448069396326531e-01
5.038999807568713862e+01	1.996481643279311158e-01
5.064128572509015669e+01	1.974733688202585657e-01
5.089265153888026560e+01	1.946690341811102287e-01
5.114416620234485578e+01	1.925210748631657476e-01
5.139546355734375993e+01	1.914726852645252941e-01
5.164701680266333028e+01	1.891629529728461878e-01
5.189862905495089507e+01	1.879298883426846756e-01
5.214967308047777550e+01	1.864033898934112643e-01
5.240069291691047226e+01	1.842696730880882539e-01
5.265205790651547346e+01	1.827380116009058031e-01
5.290347041453212995e+01	1.813836507374779750e-01
5.315461969811498477e+01	1.792391563170038227e-01
5.340579219818222612e+01	1.783828647951627155e-01
5.365762065089100474e+01	1.768392642617855892e-01
5.390923473668377852e+01	1.750720312142952373e-01
5.416006359979510876e+01	1.732955010687306507e-01
5.441130437191114311e+01	1.725963508100759047e-01
5.466262745830391623e+01	1.708507197693461543e-01
5.491405993929731011e+01	1.691081900140508631e-01
5.516541491717607215e+01	1.671981335317000994e-01
5.541638268596229011e+01	1.657241591103206513e-01
5.566794564877197615e+01	1.637709921595850160e-01
5.591937805757883950e+01	1.635193885512989942e-01
5.617071533636728020e+01	1.621665699263173943e-01
5.642219117939477258e+01	1.611211454043181279e-01
5.667351334189861944e+01	1.595905675904186749e-01
5.692472708748548627e+01	1.584182351936487820e-01
5.717591204656960002e+01	1.577014051423403784e-01
5.742747687291149106e+01	1.567501438932585589e-01
5.767908487077198032e+01	1.552213838130787060e-01
5.793014671413330063e+01	1.544959247406385294e-01
5.818129395888691135e+01	1.532547943560753079e-01
5.843277276607519610e+01	1.522097883486205061e-01
5.868441457608106049e+01	1.514990368978775814e-01
5.893571635795849062e+01	1.507493566174965827e-01
5.918679860974395979e+01	1.497421228086961709e-01
5.943824578411374659e+01	1.487358966115110981e-01
5.968934443052460637e+01	1.484510518010239699e-01
5.994009881519919958e+01	1.478851593738335357e-01
6.019143008204730450e+01	1.470193299444654267e-01
6.044303967578304793e+01	1.462126064940781345e-01
6.069446539940648933e+01	1.452468259982831467e-01
6.094594283876522667e+01	1.444258963646256333e-01
6.119752142863568878e+01	1.440675388576904137e-01
6.144920707655568037e+01	1.434147342707249861e-01
6.170042875117553649e+01	1.432264481755671781e-01
6.195135852331920745e+01	1.427929258354551367e-01
6.220292279118605450e+01	1.417836378535673181e-01
6.245429299708936099e+01	1.415556892268003131e-01
6.270516484212564734e+01	1.414192068432572613e-01
6.295654789617530156e+01	1.409732850944977745e-01
6.320814180923495940e+01	1.409472129287907827e-01
6.345941573738152641e+01	1.404377066724051548e-01
6.371040057052023542e+01	1.406152445047001709e-01
6.396185745578683424e+01	1.401438638497173594e-01
6.421368546549915379e+01	1.406061514134011037e-01
6.446479073454199238e+01	1.397346767562540060e-01
6.471588673409551973e+01	1.393295020001867335e-01
6.496730834160189261e+01	1.386501789856925404e-01
6.521856319783852030e+01	1.375467038889104932e-01
6.546992987326736113e+01	1.366807237781314799e-01
6.572120553073852989e+01	1.361157611663375566e-01
6.597232322532917692e+01	1.351433640372994294e-01
6.622368994537650622e+01	1.341725576268799902e-01
6.647513103932683975e+01	1.330898594411708269e-01
6.672672959741110787e+01	1.320707521807614193e-01
6.697798244417811020e+01	1.313106038766707340e-01
6.722885542524284119e+01	1.299754479099076987e-01
6.748048616955249202e+01	1.294945822738722552e-01
6.773229923195737001e+01	1.289810668865672139e-01
6.798322572139460362e+01	1.278776723962032624e-01
6.823447173775937813e+01	1.275201258594841069e-01
6.848606896751729778e+01	1.268175811004488007e-01
6.873741544680683546e+01	1.255130497874027140e-01
6.898873787744179253e+01	1.249522388860080380e-01
6.923979673744193519e+01	1.241117378138276856e-01
6.949145441276264989e+01	1.233724982930914649e-01
6.974265210301840057e+01	1.230194596372955612e-01
6.999344031108012132e+01	1.223649073144852800e-01
7.024493114765583357e+01	1.220946870344776641e-01
7.049642464225027538e+01	1.210592710286747947e-01
7.074774315836204153e+01	1.205526192680720365e-01
7.099906993548422918e+01	1.200359194072465607e-01
7.125054486425644029e+01	1.195764908530628362e-01
7.150182990423201090e+01	1.186494556396461703e-01
7.175309169194970593e+01	1.183159840832156834e-01
7.200430886966613286e+01	1.174407111432555773e-01
7.225563655627148307e+01	1.169978624771032677e-01
7.250698057097335436e+01	1.168161010740148970e-01
7.275814540940223196e+01	1.160713177668305784e-01
7.300954011634642882e+01	1.157887765924347362e-01
7.326094744803241099e+01	1.151557748564909917e-01
7.351241635922633577e+01	1.150505961739860805e-01
7.376385704484314942e+01	1.147608642949394103e-01
7.401507686011912313e+01	1.142510090401555461e-01
7.426642983754513239e+01	1.138130535633108814e-01
7.451774392350500875e+01	1.132848422435846353e-01
7.476888196695857403e+01	1.129067426442021266e-01
7.502031254291918572e+01	1.122879002480353106e-01
7.527179980263341008e+01	1.126668604558506842e-01
7.552311252549999665e+01	1.121265814839794428e-01
7.577409780062980360e+01	1.120221202701216501e-01
7.602551875404107307e+01	1.118080288596147581e-01
7.627713348914349467e+01	1.112635139177636373e-01
7.652808863434110265e+01	1.109370297492234952e-01
7.677928937816385258e+01	1.109954967228145989e-01
7.703080422988723797e+01	1.108552813951490384e-01
7.728259641407451852e+01	1.108653026277323234e-01
7.753362846048165125e+01	1.101096795303923015e-01
7.778433144503740948e+01	1.098076651053301045e-01
7.803587445609785789e+01	1.098545244985377894e-01
7.828752478929132508e+01	1.095212762065862211e-01
7.853900368295268208e+01	1.096778684265008325e-01
7.879021312407734001e+01	1.094594896025995190e-01
7.904165509986182769e+01	1.092994419582374588e-01
7.929330413459700821e+01	1.096891271368138632e-01
7.954446877222407863e+01	1.094158391786280993e-01
7.979551714753698377e+01	1.092673220627604358e-01
8.004692165377868207e+01	1.091885465769918961e-01
8.029810489950233432e+01	1.095294399584722800e-01
8.054908874480256031e+01	1.092449048646872145e-01
8.080044321541014085e+01	1.090351428751768076e-01
8.105216211323228492e+01	1.092099182051359113e-01
8.130349433109076074e+01	1.091746725375305760e-01
8.155444015076058406e+01	1.085355306328522618e-01
8.180579598042007206e+01	1.087549994908847684e-01
8.205747345046690100e+01	1.088216823162878183e-01
8.230895288137371324e+01	1.088158151065798662e-01
8.256017853616197044e+01	1.091427591126521712e-01
8.281171136842024794e+01	1.091108547504189979e-01
8.306338874103768433e+01	1.090828738315151591e-01
8.331416972271263433e+01	1.092532848810683771e-01
8.356490365514949303e+01	1.093734369182746274e-01
8.381669207113579034e+01	1.099352802327025480e-01
8.406812178552961257e+01	1.104010444336949448e-01
8.431890933464019611e+01	1.103082050606427333e-01
8.457023187027826339e+01	1.106562758499996801e-01
8.482151559398789686e+01	1.105074867088154805e-01
8.507283003168710422e+01	1.114800230584293422e-01
8.532426808165841692e+01	1.117033424651479034e-01
8.557600476924378086e+01	1.123617294074343437e-01
8.582757594343893004e+01	1.126452399469621557e-01
8.607831587296919906e+01	1.125664987685406626e-01
8.632961333877408094e+01	1.130047786858552339e-01
8.658121923681562748e+01	1.134631445185548815e-01
8.683268673150530503e+01	1.136701309384352127e-01
8.708396519721972595e+01	1.139826253320927463e-01
8.733506961066505880e+01	1.140685734590252826e-01
8.758618105842411694e+01	1.153746229150963282e-01
8.783752567351578477e+01	1.150863642701071138e-01
8.808868914679788986e+01	1.153928007367957531e-01
8.833994003395393690e+01	1.151544270959760224e-01
8.859174898584991809e+01	1.162677059893583165e-01
8.884303273375222432e+01	1.154311977378061904e-01
8.909352487970716084e+01	1.158340195920552901e-01
8.934511690540148265e+01	1.164388545774325268e-01
8.959715158813172309e+01	1.164810321602929438e-01
8.984803368908821142e+01	1.166643405827901964e-01
9.009924288814356430e+01	1.166961731302034316e-01
9.035039732041329330e+01	1.155587781084254362e-01
9.060151066709157419e+01	1.159295546569224372e-01
9.085215645777752513e+01	1.150190122014739108e-01
9.110358912880106175e+01	1.147531500999312837e-01
9.135593221689693166e+01	1.143090958054925610e-01
9.160680049007517312e+01	1.137641189287653953e-01
9.185814296072571494e+01	1.140946160444135521e-01
9.211014914083067140e+01	1.129042315055256707e-01
9.236133039430572467e+01	1.137554140231975541e-01
9.261226961967061300e+01	1.137944754339230563e-01
9.286339612223196127e+01	1.128701206856251443e-01
9.311503395193372512e+01	1.146847290022370569e-01
9.336621751977830286e+01	1.139655311340376648e-01
9.361677474844866254e+01	1.130014540675246121e-01
9.386828402731896404e+01	1.129009547542210168e-01
9.412013166396859276e+01	1.120748519980852287e-01
9.437159577797395116e+01	1.123079485680892331e-01
9.462215507964623384e+01	1.129105577314079845e-01
9.487303142853234306e+01	1.124764764495199409e-01
9.512563612801736213e+01	1.128717715971507135e-01
9.537712370347337298e+01	1.122053277585913778e-01
9.562770329733204733e+01	1.122081640633957600e-01
9.587952553542562839e+01	1.126235622131728092e-01
9.613214193709879396e+01	1.134633609335575083e-01
9.638292294616348954e+01	1.143895531928345033e-01
9.663323205539920480e+01	1.147752790318256888e-01
9.688575427051634392e+01	1.156610331783068796e-01
9.713720230214802598e+01	1.149347306520740186e-01
9.738711075112470894e+01	1.156759344990867244e-01
9.763880850310884796e+01	1.158794671912918434e-01
9.789195925073893534e+01	1.159680039866759355e-01
9.814276473823834124e+01	1.161005219934147376e-01
9.839200152577470249e+01	1.159245385272029832e-01
9.864436939619000100e+01	1.174066895426707641e-01
9.889657229158518703e+01	1.173789417174369715e-01
9.914654206758739008e+01	1.186668186303394962e-01
9.939737265117041431e+01	1.180953004156283515e-01
9.964971324453516388e+01	1.189330711411267505e-01
9.990221505033474614e+01	1.198590795491836641e-01
1.001521516083068519e+02	1.201143329536077942e-01
1.004020181344354228e+02	1.219153847326924500e-01
1.006555261342845853e+02	1.216770840598984382e-01
1.009078779715744503e+02	1.240148996355484867e-01
1.011564847190979037e+02	1.264425005738894492e-01
1.014077980390921851e+02	1.255294951331120124e-01
1.016621206036857075e+02	1.279190852921371080e-01
1.019133439536030323e+02	1.269931809353642971e-01
1.021611090492770160e+02	1.317706548806001077e-01
1.024134287982906386e+02	1.303569196649179696e-01
1.026689526987222933e+02	1.329224416565903677e-01
1.029179005362147450e+02	1.352300671776497931e-01
1.031645010122565509e+02	1.363194475604687372e-01
1.034190198448752227e+02	1.381277735134657236e-01
1.036740078018821123e+02	1.394807067614885210e-01
1.039223728592707516e+02	1.406356290637630069e-01
1.041718863957155321e+02	1.406422054918235187e-01
1.044269799004653407e+02	1.427686121146769238e-01
1.046773133673284093e+02	1.478836878614422368e-01
1.049203418007823814e+02	1.495322320528133242e-01
1.051759012379430231e+02	1.493644370453529879e-01
1.054364230283171651e+02	1.551306220847988859e-01
1.056811914497119176e+02	1.582706515397991343e-01
1.059215804876414495e+02	1.601034152420844348e-01
1.061816384917722758e+02	1.619839645082977175e-01
1.064472113030423515e+02	1.653547272919003719e-01
1.066878058983536732e+02	1.675800744623662242e-01
1.069236360402103827e+02	1.706047216772026975e-01
1.071892705778195563e+02	1.678012523863018635e-01
1.074586772409291342e+02	1.770432450164145799e-01
1.076879342587935611e+02	1.754966854811462196e-01
1.079185870885384446e+02	1.790243974888545975e-01
1.081956775747713095e+02	1.838733805879691208e-01
1.084728105259587352e+02	1.781902716587143998e-01
1.086839161354765366e+02	1.845595983539287943e-01
1.089114578639759117e+02	1.905857354226055123e-01
1.091979138747751392e+02	1.965519715007838786e-01
1.094826115122194068e+02	1.889430618629945324e-01
1.096995281563482934e+02	2.042773743997756131e-01
1.099149327348783771e+02	1.898304464432423733e-01
1.102017255337961075e+02	2.112487825915864981e-01
1.104879737748566555e+02	2.108218129677029984e-01
1.107157115274964241e+02	2.551629505249331520e-01
1.109132792987308136e+02	2.482087454629363643e-01
1.111862324688471801e+02	1.490323049088611573e-01
1.114398329385503388e+02	1.656857973980411028e-02
