3.559856489878782115e-01	3.761586654318004435e+02
6.031648866026231293e-01	2.601200470066557386e+02
8.579160745827347778e-01	1.767427680037796165e+02
1.113464310595710716e+00	1.579052217555837672e+02
1.374039914321364408e+00	1.241406695224666663e+02
1.619154704570298309e+00	1.104529678033119637e+02
1.870686673430271840e+00	9.518134900606973758e+01
2.123290040706380832e+00	8.145354434975354252e+01
2.378144976376236119e+00	6.937247663372458817e+01
2.630489925835516996e+00	6.007740881563811541e+01
2.878653162679494670e+00	5.170948911676072868e+01
3.131144366275339319e+00	4.628117466395843138e+01
3.388159578333816313e+00	4.104786779065618418e+01
3.638741848210948149e+00	3.657833163481178218e+01
3.888315910732085268e+00	3.327484708344680797e+01
4.139052155837465996e+00	3.032851082299978884e+01
4.390305777018236988e+00	2.861766198754888535e+01
4.642172339120373081e+00	2.617831312656191756e+01
4.894678666149941293e+00	2.435149915873700621e+01
5.147269052361176378e+00	2.257925053968181928e+01
5.398003206656323272e+00	2.034595392042329820e+01
5.647798235368590269e+00	1.867296973649875724e+01
5.900534302989873581e+00	1.739253615542773090e+01
6.151460297009074374e+00	1.618509637368297049e+01
6.402630176204441526e+00	1.466952296057441885e+01
6.655964674748322096e+00	1.393136690925051369e+01
6.908782583105771202e+00	1.310790051618141305e+01
7.159060853508338873e+00	1.207018457392948818e+01
7.409414762591408632e+00	1.106160399491990631e+01
7.659227149364629561e+00	1.036314913039353236e+01
7.911559474606142395e+00	9.977666809385574709e+00
8.163750941790897997e+00	9.189956102039968044e+00
8.415757210439384295e+00	8.748991975510460151e+00
8.667638839289207198e+00	8.313521826595634323e+00
8.918801124864609520e+00	7.840515451399331148e+00
9.170480108345369530e+00	7.352871816941727090e+00
9.420566033467249412e+00	6.905782420701237712e+00
9.671642335271435797e+00	6.591357784572021039e+00
9.923426157758477473e+00	6.264509319923277531e+00
1.017396902749181820e+01	5.993475485935048752e+00
1.042533700753922155e+01	5.657885203153948162e+00
1.067702948358784276e+01	5.574629531383110681e+00
1.092969337256462303e+01	5.169271959125224747e+00
1.118211872033766419e+01	4.947746503154542452e+00
1.143346516925797296e+01	4.718940152763925866e+00
1.168350508557724687e+01	4.558452291622590913e+00
1.193379937775929100e+01	4.407528085639823345e+00
1.218553055762879112e+01	4.233575842647972820e+00
1.243711650801278878e+01	4.046167972774543209e+00
1.268867268647359303e+01	3.867461975336598634e+00
1.294075027177769144e+01	3.753236216349670418e+00
1.319267287020158363e+01	3.537407902961918982e+00
1.344470571782862756e+01	3.396674552597433561e+00
1.369480150283709641e+01	3.224519885027467225e+00
1.394591277066507828e+01	3.128139767647134750e+00
1.419764645764527167e+01	3.010817772699838191e+00
1.444766774168416212e+01	2.903561748919418317e+00
1.469906835825429070e+01	2.794001928469296736e+00
1.495059118111036511e+01	2.703976712047540421e+00
1.520261612590052991e+01	2.589675787804369023e+00
1.545415944503929495e+01	2.512198312090942132e+00
1.570456072545780124e+01	2.437080730700758924e+00
1.595705800128773966e+01	2.365878776390223148e+00
1.620829297830731619e+01	2.253990316865635890e+00
1.645966591028190962e+01	2.223256940718913999e+00
1.671125708846596325e+01	2.167045218122727324e+00
1.696160259490052624e+01	2.114024250815945027e+00
1.721370276108077135e+01	2.044315521602585228e+00
1.746543424102250341e+01	1.984958480177073215e+00
1.771598473288305442e+01	1.906909213620862520e+00
1.796653767411944003e+01	1.874738649125284651e+00
1.821765658501893270e+01	1.819006332290284522e+00
1.847053788120423334e+01	1.752745628940215239e+00
1.872257696809484173e+01	1.725404483949507517e+00
1.897394097105746269e+01	1.672429221383100240e+00
1.922542454726159988e+01	1.634309833535639855e+00
1.947607703355479103e+01	1.584367820516445757e+00
1.972678839839982601e+01	1.532947809876492817e+00
1.997802698857814363e+01	1.492841851193749125e+00
2.022863620534168660e+01	1.436934072677173324e+00
2.047969598507238231e+01	1.407937410949732682e+00
2.073250439107362553e+01	1.371037161182427688e+00
2.098435855211640089e+01	1.326840689759700043e+00
2.123502923393334640e+01	1.296665625012893619e+00
2.148629411178690773e+01	1.254027703171343822e+00
2.173831825513516591e+01	1.222636639191718944e+00
2.198972260956887226e+01	1.191508478898285928e+00
2.223974971000711420e+01	1.168977582260771086e+00
2.249141870643862973e+01	1.134030926729767241e+00
2.274404614890906373e+01	1.110097841381423311e+00
2.299521835768831579e+01	1.077525747194800099e+00
2.324620084136223852e+01	1.060463931624290312e+00
2.349757798664387209e+01	1.041159726317230527e+00
2.374870488118759937e+01	1.018881355757083496e+00
2.399988781917473091e+01	9.903912264117856745e-01
2.425071646049711305e+01	9.767899865654866565e-01
2.450187830577813841e+01	9.568513541337448913e-01
2.475391093216606109e+01	9.395770134880357949e-01
2.500524226975159792e+01	9.107380782467324742e-01
2.525610980153284402e+01	8.987779055466093014e-01
2.550801425092822328e+01	8.780733775369495842e-01
2.575943113325822864e+01	8.612172804998101672e-01
2.601074166866445125e+01	8.389644634744124474e-01
2.626234447079615464e+01	8.249276614247960104e-01
2.651347712943701751e+01	8.062897539293281124e-01
2.676474177984877656e+01	7.887545982790996613e-01
2.701628079430242479e+01	7.795479925596346948e-01
2.726734205837282232e+01	7.662846556033565681e-01
2.751837013544679422e+01	7.525570813799014047e-01
2.776937726815812724e+01	7.401097329542842829e-01
2.802070160973895341e+01	7.217252191056887645e-01
2.827249982643487058e+01	7.095141030325576859e-01
2.852407603869968966e+01	6.969461236751274269e-01
2.877567300468570721e+01	6.853703282237014749e-01
2.902733523039245256e+01	6.753985198357529418e-01
2.927861073083739996e+01	6.639009342600441510e-01
2.953003196193969160e+01	6.508976400472070711e-01
2.978106336846375157e+01	6.410777140713461719e-01
3.003148440777084716e+01	6.275275995109784732e-01
3.028303386126418673e+01	6.158199848386307629e-01
3.053456493440382857e+01	6.061075784069456240e-01
3.078585183944906944e+01	5.942257547941641738e-01
3.103757946070165730e+01	5.812266256022619038e-01
3.128931656795834826e+01	5.781948764510416172e-01
3.154125974608096428e+01	5.687265818022025909e-01
3.179158626791808828e+01	5.575914625578789474e-01
3.204196438636942190e+01	5.492707468845259289e-01
3.229345624690945016e+01	5.378512255798262309e-01
3.254491795349546379e+01	5.307128849741451493e-01
3.279661199584414533e+01	5.172480013230748019e-01
3.304781054557115993e+01	5.082639667789500271e-01
3.329958828032162188e+01	5.038629745553186989e-01
3.355183723684311303e+01	4.923152224436911917e-01
3.380253855881218072e+01	4.858375956481164604e-01
3.405313147025059095e+01	4.765123498648052291e-01
3.430479305560803738e+01	4.695143397389817674e-01
3.455623390824965924e+01	4.632182823787831527e-01
3.480735498195039668e+01	4.576628785637281149e-01
3.505856438430107858e+01	4.472081621604924173e-01
3.531001549359893943e+01	4.408964748226615882e-01
3.556133107357548084e+01	4.334007206078693275e-01
3.581233698845250757e+01	4.271107520263369706e-01
3.606382608666838507e+01	4.216103302497949956e-01
3.631533331237931606e+01	4.149891518686520397e-01
3.656697642527945646e+01	4.090974329910845309e-01
3.681852327087045751e+01	4.040913763462689046e-01
3.706973766105884494e+01	3.964121012468824756e-01
3.732129678941971207e+01	3.920941302207667234e-01
3.757306314229551703e+01	3.862331598597794624e-01
3.782389924159279104e+01	3.816081851695120042e-01
3.807464007418068519e+01	3.778933693944702132e-01
3.832565302212735503e+01	3.691357265246705266e-01
3.857740378043642693e+01	3.653669419608015501e-01
3.882942253427300017e+01	3.603489657458183726e-01
3.908032307380011616e+01	3.553393223116333988e-01
3.933129330145365543e+01	3.498530064998600086e-01
3.958227876786669697e+01	3.441633163561426123e-01
3.983382520768443413e+01	3.414418018507242025e-01
4.008544842975349098e+01	3.347377420697172923e-01
4.033619301340542052e+01	3.319703740615145837e-01
4.058776599344974301e+01	3.257449343404950071e-01
4.083970221749189022e+01	3.222180726645991755e-01
4.109095921749577940e+01	3.172187242311212407e-01
4.134236727584069371e+01	3.138533679669788801e-01
4.159390229570379915e+01	3.115303114086926395e-01
4.184507899773220174e+01	3.058435199387440351e-01
4.209613747244114279e+01	3.026025016915016574e-01
4.234722818606434913e+01	2.982504925603717827e-01
4.259857332263157303e+01	2.952220861145811726e-01
4.285027109763341713e+01	2.902004695889856545e-01
4.310176195204312677e+01	2.870181472598021255e-01
4.335299280752174411e+01	2.836428758841324504e-01
4.360432095771267313e+01	2.792329622258344357e-01
4.385558663826572712e+01	2.752179543182576849e-01
4.410724528235365938e+01	2.728505571186596312e-01
4.435852190379520010e+01	2.693529000260156403e-01
4.460901713855037087e+01	2.654152567237662574e-01
4.486008510459071630e+01	2.623018866964625384e-01
4.511170295299168487e+01	2.594042367378119329e-01
4.536358210673532199e+01	2.558638131250676739e-01
4.561456198601624124e+01	2.518622619892604830e-01
4.586556721283918137e+01	2.500419094027243605e-01
4.611769651966599781e+01	2.464658028592198180e-01
4.636915627004315610e+01	2.436589212457428433e-01
4.662034887549072693e+01	2.415350816550921875e-01
4.687172305024841279e+01	2.376583154313720581e-01
4.712349745478636009e+01	2.355831148809810760e-01
4.737470617006108142e+01	2.333401854577907830e-01
4.762538569197067062e+01	2.297541850274295028e-01
4.787648835337603259e+01	2.278204069062776949e-01
4.812806309416585293e+01	2.248799971875705406e-01
4.837947377766823820e+01	2.223635404873546828e-01
4.863055608299239907e+01	2.198708421184142059e-01
4.888199020684587026e+01	2.177056513843870778e-01
4.913362466485948232e+01	2.159987820498669719e-01
4.938531946307731602e+01	2.124976177154124235e-01
4.963608988707425596e+01	2.109296118688288313e-01
4.988699356578750610e+01	2.081436208783045139e-01
5.013861839733769443e+01	2.068680141801755856e-01
5.038999807568713862e+01	2.049269891868376603e-01
5.064128572509015669e+01	2.023472070961634672e-01
5.089265153888026560e+01	1.997461945793458094e-01
5.114416620234485578e+01	1.973457583495053791e-01
5.139546355734375993e+01	1.961104318910737720e-01
5.164701680266333028e+01	1.934895363036159277e-01
5.189862905495089507e+01	1.915400025774489368e-01
5.214967308047777550e+01	1.897610968400843812e-01
5.240069291691047226e+01	1.875954296250825493e-01
5.265205790651547346e+01	1.867463484355514902e-01
5.290347041453212995e+01	1.840467536719340436e-01
5.315461969811498477e+01	1.820910979532716911e-01
5.340579219818222612e+01	1.809776550851033561e-01
5.365762065089100474e+01	1.794092781581135831e-01
5.390923473668377852e+01	1.775740485976924077e-01
5.416006359979510876e+01	1.759782824103008902e-01
5.441130437191114311e+01	1.751920178994641475e-01
5.466262745830391623e+01	1.735833071248487625e-01
5.491405993929731011e+01	1.720312706753192311e-01
5.516541491717607215e+01	1.702962443313574270e-01
5.541638268596229011e+01	1.688648251113183951e-01
5.566794564877197615e+01	1.669922030462486495e-01
5.591937805757883950e+01	1.664465242663658306e-01
5.617071533636728020e+01	1.647469323183525236e-01
5.642219117939477258e+01	1.637733577845406352e-01
5.667351334189861944e+01	1.620811863707127820e-01
5.692472708748548627e+01	1.613436505640171159e-01
5.717591204656960002e+01	1.602173008355291250e-01
5.742747687291149106e+01	1.590056322524145138e-01
5.767908487077198032e+01	1.575063035022403746e-01
5.793014671413330063e+01	1.565741469071848246e-01
5.818129395888691135e+01	1.547160430561278222e-01
5.843277276607519610e+01	1.547261665370716355e-01
5.868441457608106049e+01	1.532634412866215046e-01
5.893571635795849062e+01	1.528718720283955834e-01
5.918679860974395979e+01	1.520082830413952701e-01
5.943824578411374659e+01	1.510201249945170576e-01
5.968934443052460637e+01	1.501415915339702201e-01
5.994009881519919958e+01	1.489892749273517003e-01
6.019143008204730450e+01	1.484730034677431421e-01
6.044303967578304793e+01	1.471235994382030510e-01
6.069446539940648933e+01	1.464204622861337846e-01
6.094594283876522667e+01	1.462002300643704678e-01
6.119752142863568878e+01	1.453443042444785838e-01
6.144920707655568037e+01	1.448450222016017253e-01
6.170042875117553649e+01	1.447641264375706671e-01
6.195135852331920745e+01	1.440529130882534092e-01
6.220292279118605450e+01	1.431115264601042214e-01
6.245429299708936099e+01	1.425409727827045558e-01
6.270516484212564734e+01	1.421930570580813291e-01
6.295654789617530156e+01	1.418892395531288209e-01
6.320814180923495940e+01	1.420189861146447796e-01
6.345941573738152641e+01	1.418623976534730269e-01
6.371040057052023542e+01	1.413128148599264444e-01
6.396185745578683424e+01	1.409265217226184086e-01
6.421368546549915379e+01	1.409275419046802091e-01
6.446479073454199238e+01	1.405993043742674031e-01
6.471588673409551973e+01	1.395463669862419820e-01
6.496730834160189261e+01	1.392529061066715979e-01
6.521856319783852030e+01	1.383474702138348666e-01
6.546992987326736113e+01	1.370707535184108872e-01
6.572120553073852989e+01	1.363851447571958753e-01
6.597232322532917692e+01	1.354562657870523046e-01
6.622368994537650622e+01	1.343268876988146510e-01
6.647513103932683975e+01	1.335541689942026655e-01
6.672672959741110787e+01	1.331317795130728399e-01
6.697798244417811020e+01	1.316458449108788009e-01
6.722885542524284119e+01	1.307686577245487369e-01
6.748048616955249202e+01	1.301014462737488386e-01
6.773229923195737001e+01	1.296573949275852122e-01
6.798322572139460362e+01	1.284265864846971528e-01
6.823447173775937813e+01	1.281966423268533772e-01
6.848606896751729778e+01	1.274782762739537778e-01
6.873741544680683546e+01	1.262249446605019920e-01
6.898873787744179253e+01	1.258557027479917378e-01
6.923979673744193519e+01	1.249199715944512290e-01
6.949145441276264989e+01	1.240167183386224892e-01
6.974265210301840057e+01	1.233218638684340646e-01
6.999344031108012132e+01	1.229220714885900373e-01
7.024493114765583357e+01	1.220927095935989831e-01
7.049642464225027538e+01	1.215185949788613468e-01
7.074774315836204153e+01	1.205067573673529180e-01
7.099906993548422918e+01	1.197832058249915788e-01
7.125054486425644029e+01	1.191997359531391659e-01
7.150182990423201090e+01	1.186645856255394704e-01
7.175309169194970593e+01	1.179240170408816790e-01
7.200430886966613286e+01	1.170974615382969902e-01
7.225563655627148307e+01	1.162566137262292243e-01
7.250698057097335436e+01	1.159647754225724969e-01
7.275814540940223196e+01	1.155322275258791193e-01
7.300954011634642882e+01	1.149341774267633176e-01
7.326094744803241099e+01	1.144737431973709696e-01
7.351241635922633577e+01	1.141892092203281722e-01
7.376385704484314942e+01	1.136879978352774573e-01
7.401507686011912313e+01	1.133064295249613662e-01
7.426642983754513239e+01	1.128118798160436809e-01
7.451774392350500875e+01	1.122490749999992821e-01
7.476888196695857403e+01	1.118195647590327912e-01
7.502031254291918572e+01	1.110720901732898530e-01
7.527179980263341008e+01	1.107965974119969332e-01
7.552311252549999665e+01	1.105537021176656309e-01
7.577409780062980360e+01	1.100568357649902712e-01
7.602551875404107307e+01	1.097367520513594791e-01
7.627713348914349467e+01	1.091752449220327464e-01
7.652808863434110265e+01	1.087882689715122392e-01
7.677928937816385258e+01	1.089454924242020117e-01
7.703080422988723797e+01	1.086671933944365898e-01
7.728259641407451852e+01	1.087779581736258022e-01
7.753362846048165125e+01	1.079792086035771120e-01
7.778433144503740948e+01	1.077100518832350973e-01
7.803587445609785789e+01	1.076110707055532439e-01
7.828752478929132508e+01	1.067975197815995148e-01
7.853900368295268208e+01	1.069773116204457697e-01
7.879021312407734001e+01	1.068766492591041034e-01
7.904165509986182769e+01	1.064521480471720821e-01
7.929330413459700821e+01	1.065720184725894720e-01
7.954446877222407863e+01	1.058461310864947380e-01
7.979551714753698377e+01	1.053110926579639423e-01
8.004692165377868207e+01	1.058545126953617521e-01
8.029810489950233432e+01	1.056099223719900448e-01
8.054908874480256031e+01	1.053390070422620811e-01
8.080044321541014085e+01	1.053877299128915118e-01
8.105216211323228492e+01	1.052083485897480492e-01
8.130349433109076074e+01	1.048940852032527737e-01
8.155444015076058406e+01	1.048358635477718709e-01
8.180579598042007206e+01	1.043884324648721162e-01
8.205747345046690100e+01	1.047222114710436164e-01
8.230895288137371324e+01	1.045516273559813775e-01
8.256017853616197044e+01	1.045961294093083471e-01
8.281171136842024794e+01	1.046274933368452481e-01
8.306338874103768433e+01	1.046614956276856051e-01
8.331416972271263433e+01	1.047521905218528476e-01
8.356490365514949303e+01	1.049797366562392614e-01
8.381669207113579034e+01	1.051751645711364591e-01
8.406812178552961257e+01	1.051868970714948393e-01
8.431890933464019611e+01	1.047603903940716313e-01
8.457023187027826339e+01	1.049295510789584190e-01
8.482151559398789686e+01	1.045749978139455388e-01
8.507283003168710422e+01	1.055229485008682272e-01
8.532426808165841692e+01	1.053682979814681425e-01
8.557600476924378086e+01	1.052012117253367934e-01
8.582757594343893004e+01	1.052591690688854803e-01
8.607831587296919906e+01	1.054325200167955667e-01
8.632961333877408094e+01	1.050555415200325332e-01
8.658121923681562748e+01	1.063252371479020686e-01
8.683268673150530503e+01	1.070212599868634595e-01
8.708396519721972595e+01	1.071728522231014391e-01
8.733506961066505880e+01	1.070014083267250421e-01
8.758618105842411694e+01	1.070293033770517016e-01
8.783752567351578477e+01	1.071144647254988203e-01
8.808868914679788986e+01	1.078571218349351074e-01
8.833994003395393690e+01	1.071367581518868906e-01
8.859174898584991809e+01	1.084827434530724333e-01
8.884303273375222432e+01	1.084973614569812034e-01
8.909352487970716084e+01	1.080785732254122000e-01
8.934511690540148265e+01	1.085930216883350674e-01
8.959715158813172309e+01	1.086592708932845874e-01
8.984803368908821142e+01	1.084584901109614113e-01
9.009924288814356430e+01	1.081030599920468765e-01
9.035039732041329330e+01	1.071687096237598780e-01
9.060151066709157419e+01	1.076432349829826440e-01
9.085215645777752513e+01	1.070322975845805491e-01
9.110358912880106175e+01	1.059172720487163710e-01
9.135593221689693166e+01	1.044711017733513103e-01
9.160680049007517312e+01	1.050342034368408756e-01
9.185814296072571494e+01	1.048379222522739795e-01
9.211014914083067140e+01	1.035330528834633584e-01
9.236133039430572467e+01	1.035765548702541200e-01
9.261226961967061300e+01	1.040112083404204496e-01
9.286339612223196127e+01	1.034239404171962973e-01
9.311503395193372512e+01	1.036563382932852162e-01
9.336621751977830286e+01	1.031499604901234962e-01
9.361677474844866254e+01	1.037783621386969557e-01
9.386828402731896404e+01	1.040758690724393198e-01
9.412013166396859276e+01	1.037611464510927728e-01
9.437159577797395116e+01	1.040099965926329501e-01
9.462215507964623384e+01	1.039606047669650590e-01
9.487303142853234306e+01	1.045832966830482352e-01
9.512563612801736213e+01	1.036061017200249901e-01
9.537712370347337298e+01	1.043444028079684449e-01
9.562770329733204733e+01	1.039206919143059599e-01
9.587952553542562839e+01	1.041762660221263875e-01
9.613214193709879396e+01	1.034369247958629168e-01
9.638292294616348954e+01	1.041986797291311467e-01
9.663323205539920480e+01	1.041035167337761858e-01
9.688575427051634392e+01	1.044206459423352162e-01
9.713720230214802598e+01	1.032075679786967348e-01
9.738711075112470894e+01	1.050023488667180815e-01
9.763880850310884796e+01	1.055487639720190246e-01
9.789195925073893534e+01	1.059272114341704568e-01
9.814276473823834124e+01	1.065146623983277280e-01
9.839200152577470249e+01	1.062240851975564393e-01
9.864436939619000100e+01	1.069161748842497733e-01
9.889657229158518703e+01	1.072767373371111971e-01
9.914654206758739008e+01	1.075962566959897532e-01
9.939737265117041431e+01	1.099811277443935309e-01
9.964971324453516388e+01	1.104256792577327506e-01
9.990221505033474614e+01	1.119099558792299304e-01
1.001521516083068519e+02	1.121837839878570831e-01
1.004020181344354228e+02	1.123422037017717395e-01
1.006555261342845853e+02	1.121879959525366038e-01
1.009078779715744503e+02	1.152196948568105506e-01
1.011564847190979037e+02	1.149929256415341272e-01
1.014077980390921851e+02	1.143554832515507880e-01
1.016621206036857075e+02	1.167716602470038750e-01
1.019133439536030323e+02	1.162405407678169522e-01
1.021611090492770160e+02	1.181200954171390954e-01
1.024134287982906386e+02	1.181373954918557567e-01
1.026689526987222933e+02	1.217596244433175462e-01
1.029179005362147450e+02	1.217829555450865298e-01
1.031645010122565509e+02	1.238537611292419016e-01
1.034190198448752227e+02	1.252792060259842188e-01
1.036740078018821123e+02	1.266449102474043464e-01
1.039223728592707516e+02	1.289617281605938415e-01
1.041718863957155321e+02	1.293140906289467762e-01
1.044269799004653407e+02	1.318047056484578095e-01
1.046773133673284093e+02	1.314741013104994694e-01
1.049203418007823814e+02	1.343389449583115569e-01
1.051759012379430231e+02	1.356418855592104178e-01
1.054364230283171651e+02	1.428054098503454550e-01
1.056811914497119176e+02	1.428672372799733303e-01
1.059215804876414495e+02	1.414360819616470311e-01
1.061816384917722758e+02	1.435770791720550887e-01
1.064472113030423515e+02	1.451871986438763862e-01
1.066878058983536732e+02	1.419157103210750281e-01
1.069236360402103827e+02	1.456246599798750596e-01
1.071892705778195563e+02	1.463687032399624555e-01
1.074586772409291342e+02	1.473878752233356293e-01
1.076879342587935611e+02	1.599324469295358986e-01
1.079185870885384446e+02	1.571913121526205270e-01
1.081956775747713095e+02	1.671082638914124785e-01
1.084728105259587352e+02	1.743687170757164118e-01
1.086839161354765366e+02	1.697513500883167936e-01
1.089114578639759117e+02	1.755816022934262310e-01
1.091979138747751392e+02	1.840761712603325162e-01
1.094826115122194068e+02	1.737663930407506718e-01
1.096995281563482934e+02	1.838712341537072636e-01
1.099149327348783771e+02	1.735365359819866782e-01
1.102017255337961075e+02	1.722313476586533609e-01
1.104879737748566555e+02	1.772742891339098292e-01
1.107157115274964241e+02	1.708827138592405315e-01
1.109132792987308136e+02	2.142526867649950095e-01
1.111862324688471801e+02	1.725843277098982609e-01
1.114398329385503388e+02	5.945775143935405627e-01
