3.559856489878782115e-01	3.764056281753734083e+02
6.031648866026231293e-01	2.595490089077777043e+02
8.579160745827347778e-01	1.762488318522354120e+02
1.113464310595710716e+00	1.564891324469353435e+02
1.374039914321364408e+00	1.227699889144838608e+02
1.619154704570298309e+00	1.094772130592908894e+02
1.870686673430271840e+00	9.354013366297236587e+01
2.123290040706380832e+00	7.976197134970456659e+01
2.378144976376236119e+00	6.781878697743269413e+01
2.630489925835516996e+00	5.861390353966615407e+01
2.878653162679494670e+00	4.956022382378573354e+01
3.131144366275339319e+00	4.441139737355786110e+01
3.388159578333816313e+00	3.898091827420761035e+01
3.638741848210948149e+00	3.454350568066609384e+01
3.888315910732085268e+00	3.102266888080844964e+01
4.139052155837465996e+00	2.802736636492947753e+01
4.390305777018236988e+00	2.635525041469867347e+01
4.642172339120373081e+00	2.397001904263937888e+01
4.894678666149941293e+00	2.208904699967721541e+01
5.147269052361176378e+00	2.048630425927903431e+01
5.398003206656323272e+00	1.835621658341723261e+01
5.647798235368590269e+00	1.686055597577006537e+01
5.900534302989873581e+00	1.565999774827008295e+01
6.151460297009074374e+00	1.458207011295314715e+01
6.402630176204441526e+00	1.317774880215019095e+01
6.655964674748322096e+00	1.248217044890841443e+01
6.908782583105771202e+00	1.173062745164922482e+01
7.159060853508338873e+00	1.080447439359505957e+01
7.409414762591408632e+00	9.982365136104766279e+00
7.659227149364629561e+00	9.280045430323232480e+00
7.911559474606142395e+00	8.913247777361092972e+00
8.163750941790897997e+00	8.246704803052239185e+00
8.415757210439384295e+00	7.830270587498065815e+00
8.667638839289207198e+00	7.413299785459963154e+00
8.918801124864609520e+00	7.007813071605587751e+00
9.170480108345369530e+00	6.545549971960159752e+00
9.420566033467249412e+00	6.165084477239970440e+00
9.671642335271435797e+00	5.854357739703969443e+00
9.923426157758477473e+00	5.535189361153403098e+00
1.017396902749181820e+01	5.288701008455579000e+00
1.042533700753922155e+01	4.991287557912905015e+00
1.067702948358784276e+01	4.852278115255207247e+00
1.092969337256462303e+01	4.481838625952152100e+00
1.118211872033766419e+01	4.277759972248947662e+00
1.143346516925797296e+01	4.056157821260688578e+00
1.168350508557724687e+01	3.902483408305397194e+00
1.193379937775929100e+01	3.780679156055187118e+00
1.218553055762879112e+01	3.638904511464461589e+00
1.243711650801278878e+01	3.461452121054781728e+00
1.268867268647359303e+01	3.307943613920113712e+00
1.294075027177769144e+01	3.197428763952377739e+00
1.319267287020158363e+01	3.020287427985586692e+00
1.344470571782862756e+01	2.890676857698046831e+00
1.369480150283709641e+01	2.743635198336543901e+00
1.394591277066507828e+01	2.654170647223018875e+00
1.419764645764527167e+01	2.545575094583753195e+00
1.444766774168416212e+01	2.447808585281345817e+00
1.469906835825429070e+01	2.339902173946950104e+00
1.495059118111036511e+01	2.255217268349542614e+00
1.520261612590052991e+01	2.160288326631540468e+00
1.545415944503929495e+01	2.069548511204823082e+00
1.570456072545780124e+01	1.996630629680139934e+00
1.595705800128773966e+01	1.938547893453013593e+00
1.620829297830731619e+01	1.849506534164901961e+00
1.645966591028190962e+01	1.811854760126807795e+00
1.671125708846596325e+01	1.758956561272055907e+00
1.696160259490052624e+01	1.719789836445855480e+00
1.721370276108077135e+01	1.657657935211011457e+00
1.746543424102250341e+01	1.608577849204726240e+00
1.771598473288305442e+01	1.548501707904714308e+00
1.796653767411944003e+01	1.514522932204459993e+00
1.821765658501893270e+01	1.473282024721799255e+00
1.847053788120423334e+01	1.421801015226039189e+00
1.872257696809484173e+01	1.388536115377021485e+00
1.897394097105746269e+01	1.352489694124292097e+00
1.922542454726159988e+01	1.317622139583330965e+00
1.947607703355479103e+01	1.279370265023041187e+00
1.972678839839982601e+01	1.235671208062746107e+00
1.997802698857814363e+01	1.208699073075338637e+00
2.022863620534168660e+01	1.164383437119008935e+00
2.047969598507238231e+01	1.139030990171056468e+00
2.073250439107362553e+01	1.110607028964768261e+00
2.098435855211640089e+01	1.077907868396177138e+00
2.123502923393334640e+01	1.053237972060902861e+00
2.148629411178690773e+01	1.022059454230640485e+00
2.173831825513516591e+01	1.001198132134548446e+00
2.198972260956887226e+01	9.779402094731808326e-01
2.223974971000711420e+01	9.542590305058228362e-01
2.249141870643862973e+01	9.284028271948161493e-01
2.274404614890906373e+01	9.055642641191642417e-01
2.299521835768831579e+01	8.823121444698720506e-01
2.324620084136223852e+01	8.736092239426925810e-01
2.349757798664387209e+01	8.510032015029800334e-01
2.374870488118759937e+01	8.303281659216449340e-01
2.399988781917473091e+01	8.128534096009375487e-01
2.425071646049711305e+01	7.968396021493080461e-01
2.450187830577813841e+01	7.819280196956926998e-01
2.475391093216606109e+01	7.671897062512619270e-01
2.500524226975159792e+01	7.448807062433843162e-01
2.525610980153284402e+01	7.316159451171948547e-01
2.550801425092822328e+01	7.153421446756662583e-01
2.575943113325822864e+01	7.018383077956036331e-01
2.601074166866445125e+01	6.855879960407319507e-01
2.626234447079615464e+01	6.706581816711547628e-01
2.651347712943701751e+01	6.525969534490622115e-01
2.676474177984877656e+01	6.391920552005156964e-01
2.701628079430242479e+01	6.305441794851958104e-01
2.726734205837282232e+01	6.166355338652957929e-01
2.751837013544679422e+01	6.046537913724466806e-01
2.776937726815812724e+01	5.935549734655446441e-01
2.802070160973895341e+01	5.789777029504927786e-01
2.827249982643487058e+01	5.696818844999519404e-01
2.852407603869968966e+01	5.595548667857328518e-01
2.877567300468570721e+01	5.501679909415283509e-01
2.902733523039245256e+01	5.399090935325263629e-01
2.927861073083739996e+01	5.304034532382667644e-01
2.953003196193969160e+01	5.215373320095367804e-01
2.978106336846375157e+01	5.111989641447818311e-01
3.003148440777084716e+01	5.050784278446188713e-01
3.028303386126418673e+01	4.924481362501638149e-01
3.053456493440382857e+01	4.859093571438319326e-01
3.078585183944906944e+01	4.796209928462901728e-01
3.103757946070165730e+01	4.717311072625102741e-01
3.128931656795834826e+01	4.671270680058615121e-01
3.154125974608096428e+01	4.591969144079987020e-01
3.179158626791808828e+01	4.533921281805254333e-01
3.204196438636942190e+01	4.458694186526471759e-01
3.229345624690945016e+01	4.403169191068269650e-01
3.254491795349546379e+01	4.345739797716928199e-01
3.279661199584414533e+01	4.242146211319197113e-01
3.304781054557115993e+01	4.182386181977953421e-01
3.329958828032162188e+01	4.138063341992762600e-01
3.355183723684311303e+01	4.071925537133617157e-01
3.380253855881218072e+01	4.010942641786904295e-01
3.405313147025059095e+01	3.954706312964946791e-01
3.430479305560803738e+01	3.888075191016572840e-01
3.455623390824965924e+01	3.857782344548524311e-01
3.480735498195039668e+01	3.789794426021077522e-01
3.505856438430107858e+01	3.727041477616581111e-01
3.531001549359893943e+01	3.682447651063698313e-01
3.556133107357548084e+01	3.623741412153719810e-01
3.581233698845250757e+01	3.556626698144448873e-01
3.606382608666838507e+01	3.521127148865780265e-01
3.631533331237931606e+01	3.465194181475578228e-01
3.656697642527945646e+01	3.421354931874029393e-01
3.681852327087045751e+01	3.374515614497394234e-01
3.706973766105884494e+01	3.328063496312901881e-01
3.732129678941971207e+01	3.288327376500562726e-01
3.757306314229551703e+01	3.241350314495498597e-01
3.782389924159279104e+01	3.199970146102823487e-01
3.807464007418068519e+01	3.164688254599506978e-01
3.832565302212735503e+01	3.097095470409774176e-01
3.857740378043642693e+01	3.075629949086702286e-01
3.882942253427300017e+01	3.041467785646825295e-01
3.908032307380011616e+01	3.014213111394407063e-01
3.933129330145365543e+01	2.961509300611650519e-01
3.958227876786669697e+01	2.912374000769864524e-01
3.983382520768443413e+01	2.897841603389726406e-01
4.008544842975349098e+01	2.842534506880171619e-01
4.033619301340542052e+01	2.820353217826584435e-01
4.058776599344974301e+01	2.771246610990102943e-01
4.083970221749189022e+01	2.743682498402366110e-01
4.109095921749577940e+01	2.715052437799654883e-01
4.134236727584069371e+01	2.687814089367946968e-01
4.159390229570379915e+01	2.659849417110515812e-01
4.184507899773220174e+01	2.627908666106250068e-01
4.209613747244114279e+01	2.591161664572683709e-01
4.234722818606434913e+01	2.573686385668763621e-01
4.259857332263157303e+01	2.546368215151841863e-01
4.285027109763341713e+01	2.509860138167185895e-01
4.310176195204312677e+01	2.485753858050236687e-01
4.335299280752174411e+01	2.451356245787965626e-01
4.360432095771267313e+01	2.423905244571651629e-01
4.385558663826572712e+01	2.394162824940398171e-01
4.410724528235365938e+01	2.376786679035055860e-01
4.435852190379520010e+01	2.340471996550915479e-01
4.460901713855037087e+01	2.317366732695260445e-01
4.486008510459071630e+01	2.285279902604220592e-01
4.511170295299168487e+01	2.263339006228588801e-01
4.536358210673532199e+01	2.231211892940510588e-01
4.561456198601624124e+01	2.204319307772022174e-01
4.586556721283918137e+01	2.182144104986573352e-01
4.611769651966599781e+01	2.165810870669157284e-01
4.636915627004315610e+01	2.134983622261861780e-01
4.662034887549072693e+01	2.113321854667418731e-01
4.687172305024841279e+01	2.085021355557358513e-01
4.712349745478636009e+01	2.066077552789996608e-01
4.737470617006108142e+01	2.050012489869475207e-01
4.762538569197067062e+01	2.025154053964009215e-01
4.787648835337603259e+01	2.011290844808646672e-01
4.812806309416585293e+01	1.982111699682891082e-01
4.837947377766823820e+01	1.962253062228177247e-01
4.863055608299239907e+01	1.944533006615224990e-01
4.888199020684587026e+01	1.929029626381313089e-01
4.913362466485948232e+01	1.914588721866927190e-01
4.938531946307731602e+01	1.887516801390464460e-01
4.963608988707425596e+01	1.877688194729446869e-01
4.988699356578750610e+01	1.853076607361933137e-01
5.013861839733769443e+01	1.843461740633232926e-01
5.038999807568713862e+01	1.824819774468861844e-01
5.064128572509015669e+01	1.811592529894400505e-01
5.089265153888026560e+01	1.784410021166168980e-01
5.114416620234485578e+01	1.771992446259571252e-01
5.139546355734375993e+01	1.759106912963742941e-01
5.164701680266333028e+01	1.740803024603269911e-01
5.189862905495089507e+01	1.724925958726341857e-01
5.214967308047777550e+01	1.711746595338870247e-01
5.240069291691047226e+01	1.688493187315309174e-01
5.265205790651547346e+01	1.683411645225410536e-01
5.290347041453212995e+01	1.668010799444761827e-01
5.315461969811498477e+01	1.652971055934889522e-01
5.340579219818222612e+01	1.636251222620737633e-01
5.365762065089100474e+01	1.631562899577728432e-01
5.390923473668377852e+01	1.615962446414419273e-01
5.416006359979510876e+01	1.605691539781636812e-01
5.441130437191114311e+01	1.595510537464367717e-01
5.466262745830391623e+01	1.584983428792512139e-01
5.491405993929731011e+01	1.575564075451738877e-01
5.516541491717607215e+01	1.563734457219929652e-01
5.541638268596229011e+01	1.550176346956113060e-01
5.566794564877197615e+01	1.538766456853154219e-01
5.591937805757883950e+01	1.529340987945508323e-01
5.617071533636728020e+01	1.520842077893355959e-01
5.642219117939477258e+01	1.512346048525606834e-01
5.667351334189861944e+01	1.501456212775146015e-01
5.692472708748548627e+01	1.494807185022260232e-01
5.717591204656960002e+01	1.483900745557490408e-01
5.742747687291149106e+01	1.477301574863003619e-01
5.767908487077198032e+01	1.463273533842688323e-01
5.793014671413330063e+01	1.454134831948664108e-01
5.818129395888691135e+01	1.445655014603546007e-01
5.843277276607519610e+01	1.443267103189577738e-01
5.868441457608106049e+01	1.431347467123669781e-01
5.893571635795849062e+01	1.428028302116871040e-01
5.918679860974395979e+01	1.418401266663897875e-01
5.943824578411374659e+01	1.410792351437664405e-01
5.968934443052460637e+01	1.406742083430666534e-01
5.994009881519919958e+01	1.402461404430760672e-01
6.019143008204730450e+01	1.397418231002470201e-01
6.044303967578304793e+01	1.389348822542593176e-01
6.069446539940648933e+01	1.382259125238883002e-01
6.094594283876522667e+01	1.377092561936029136e-01
6.119752142863568878e+01	1.379828043868846221e-01
6.144920707655568037e+01	1.372608145516776013e-01
6.170042875117553649e+01	1.370293856009697497e-01
6.195135852331920745e+01	1.364778579776265710e-01
6.220292279118605450e+01	1.358028363510532521e-01
6.245429299708936099e+01	1.357251294754172333e-01
6.270516484212564734e+01	1.358711121072336270e-01
6.295654789617530156e+01	1.357466905059147577e-01
6.320814180923495940e+01	1.358617421901616440e-01
6.345941573738152641e+01	1.357692770298070117e-01
6.371040057052023542e+01	1.353508734187235663e-01
6.396185745578683424e+01	1.357172227740439108e-01
6.421368546549915379e+01	1.356672199583263405e-01
6.446479073454199238e+01	1.353717032490702188e-01
6.471588673409551973e+01	1.345937347373166448e-01
6.496730834160189261e+01	1.346555958942740328e-01
6.521856319783852030e+01	1.332909896738195543e-01
6.546992987326736113e+01	1.321221630329061092e-01
6.572120553073852989e+01	1.311578260681381669e-01
6.597232322532917692e+01	1.307435073968828410e-01
6.622368994537650622e+01	1.298120932966841945e-01
6.647513103932683975e+01	1.291281027059544562e-01
6.672672959741110787e+01	1.285478179500153528e-01
6.697798244417811020e+01	1.279376104039767759e-01
6.722885542524284119e+01	1.271449656582415433e-01
6.748048616955249202e+01	1.263149812350189138e-01
6.773229923195737001e+01	1.257100476646164366e-01
6.798322572139460362e+01	1.255547186276733951e-01
6.823447173775937813e+01	1.246554717898642750e-01
6.848606896751729778e+01	1.243342237423826074e-01
6.873741544680683546e+01	1.236060655629934446e-01
6.898873787744179253e+01	1.234342633085053487e-01
6.923979673744193519e+01	1.227788534468675502e-01
6.949145441276264989e+01	1.219412624052391564e-01
6.974265210301840057e+01	1.213963656594909124e-01
6.999344031108012132e+01	1.206490186970248096e-01
7.024493114765583357e+01	1.200930775031759518e-01
7.049642464225027538e+01	1.189046263889296795e-01
7.074774315836204153e+01	1.187580246971919468e-01
7.099906993548422918e+01	1.183460032100084464e-01
7.125054486425644029e+01	1.177395938025059818e-01
7.150182990423201090e+01	1.169114131233775361e-01
7.175309169194970593e+01	1.167121033393729995e-01
7.200430886966613286e+01	1.165147813745950750e-01
7.225563655627148307e+01	1.156845099877260030e-01
7.250698057097335436e+01	1.155853815429389309e-01
7.275814540940223196e+01	1.151457477259003326e-01
7.300954011634642882e+01	1.148084820498439101e-01
7.326094744803241099e+01	1.144533362975468788e-01
7.351241635922633577e+01	1.143095209142740293e-01
7.376385704484314942e+01	1.137242927963211109e-01
7.401507686011912313e+01	1.137020484735006554e-01
7.426642983754513239e+01	1.133665003972507829e-01
7.451774392350500875e+01	1.126153260747046053e-01
7.476888196695857403e+01	1.127254697786129467e-01
7.502031254291918572e+01	1.122836559459549077e-01
7.527179980263341008e+01	1.121983193569425913e-01
7.552311252549999665e+01	1.116743147469279468e-01
7.577409780062980360e+01	1.121462833033178147e-01
7.602551875404107307e+01	1.117075300327092929e-01
7.627713348914349467e+01	1.112124105497926535e-01
7.652808863434110265e+01	1.109375438254965873e-01
7.677928937816385258e+01	1.110471012893076981e-01
7.703080422988723797e+01	1.106304829666804046e-01
7.728259641407451852e+01	1.110738957140400274e-01
7.753362846048165125e+01	1.103495105181251240e-01
7.778433144503740948e+01	1.100734715357443300e-01
7.803587445609785789e+01	1.101148403248983082e-01
7.828752478929132508e+01	1.095996910964108922e-01
7.853900368295268208e+01	1.099984100411427468e-01
7.879021312407734001e+01	1.100048371167171024e-01
7.904165509986182769e+01	1.100068065837613157e-01
7.929330413459700821e+01	1.098733603421889471e-01
7.954446877222407863e+01	1.095327876358134916e-01
7.979551714753698377e+01	1.092414155540885473e-01
8.004692165377868207e+01	1.095593148528099664e-01
8.029810489950233432e+01	1.093210289750027042e-01
8.054908874480256031e+01	1.094801529240627125e-01
8.080044321541014085e+01	1.096680613467483079e-01
8.105216211323228492e+01	1.095402205721856675e-01
8.130349433109076074e+01	1.097318021464183391e-01
8.155444015076058406e+01	1.098323919766849288e-01
8.180579598042007206e+01	1.094770446797333485e-01
8.205747345046690100e+01	1.098250624647253704e-01
8.230895288137371324e+01	1.099123143893044330e-01
8.256017853616197044e+01	1.097243364699440060e-01
8.281171136842024794e+01	1.099157060006504538e-01
8.306338874103768433e+01	1.100293969731966776e-01
8.331416972271263433e+01	1.103992677965651009e-01
8.356490365514949303e+01	1.103992588669315961e-01
8.381669207113579034e+01	1.107603692443245857e-01
8.406812178552961257e+01	1.111950848931324565e-01
8.431890933464019611e+01	1.105981086194968710e-01
8.457023187027826339e+01	1.109465655809388496e-01
8.482151559398789686e+01	1.114232953274357368e-01
8.507283003168710422e+01	1.115922704331136078e-01
8.532426808165841692e+01	1.115920548068597834e-01
8.557600476924378086e+01	1.122246013182735952e-01
8.582757594343893004e+01	1.128123149590357643e-01
8.607831587296919906e+01	1.131050537885029961e-01
8.632961333877408094e+01	1.133439940175472310e-01
8.658121923681562748e+01	1.141549921524963734e-01
8.683268673150530503e+01	1.146731157918321753e-01
8.708396519721972595e+01	1.149706331820776889e-01
8.733506961066505880e+01	1.143578670132580355e-01
8.758618105842411694e+01	1.155800765946577713e-01
8.783752567351578477e+01	1.160304870664750354e-01
8.808868914679788986e+01	1.169200397151424764e-01
8.833994003395393690e+01	1.163660888458779574e-01
8.859174898584991809e+01	1.173426057108836323e-01
8.884303273375222432e+01	1.171382179152216929e-01
8.909352487970716084e+01	1.172219609012526004e-01
8.934511690540148265e+01	1.175258546256690018e-01
8.959715158813172309e+01	1.171853583549040401e-01
8.984803368908821142e+01	1.180807393237272851e-01
9.009924288814356430e+01	1.178638109141718626e-01
9.035039732041329330e+01	1.167203457483757117e-01
9.060151066709157419e+01	1.171518902483742880e-01
9.085215645777752513e+01	1.165472094908306527e-01
9.110358912880106175e+01	1.153895729122867558e-01
9.135593221689693166e+01	1.146060362781314151e-01
9.160680049007517312e+01	1.145950178669964542e-01
9.185814296072571494e+01	1.138761398367727495e-01
9.211014914083067140e+01	1.133020340956035765e-01
9.236133039430572467e+01	1.132671831101643434e-01
9.261226961967061300e+01	1.135033039866280985e-01
9.286339612223196127e+01	1.120234628156590445e-01
9.311503395193372512e+01	1.127547949662019294e-01
9.336621751977830286e+01	1.129613593753040490e-01
9.361677474844866254e+01	1.127284043629132870e-01
9.386828402731896404e+01	1.128835722840491190e-01
9.412013166396859276e+01	1.122732398796795622e-01
9.437159577797395116e+01	1.136334192280463035e-01
9.462215507964623384e+01	1.132140683416075350e-01
9.487303142853234306e+01	1.140147398587063599e-01
9.512563612801736213e+01	1.145452810715635733e-01
9.537712370347337298e+01	1.139023450369966023e-01
9.562770329733204733e+01	1.150127208984784016e-01
9.587952553542562839e+01	1.148554058504651226e-01
9.613214193709879396e+01	1.167277328389286079e-01
9.638292294616348954e+01	1.165237686106278814e-01
9.663323205539920480e+01	1.156963985845768095e-01
9.688575427051634392e+01	1.168040281593886592e-01
9.713720230214802598e+01	1.173841782955084984e-01
9.738711075112470894e+01	1.179146633277878553e-01
9.763880850310884796e+01	1.178665311573041108e-01
9.789195925073893534e+01	1.198312566881347130e-01
9.814276473823834124e+01	1.191752291327706909e-01
9.839200152577470249e+01	1.202576708945293227e-01
9.864436939619000100e+01	1.198511928273210264e-01
9.889657229158518703e+01	1.207439243833590969e-01
9.914654206758739008e+01	1.198991914846674472e-01
9.939737265117041431e+01	1.225359663441540764e-01
9.964971324453516388e+01	1.239603419199403755e-01
9.990221505033474614e+01	1.243062094254866606e-01
1.001521516083068519e+02	1.243497215238667936e-01
1.004020181344354228e+02	1.270308160855403434e-01
1.006555261342845853e+02	1.289114622402413590e-01
1.009078779715744503e+02	1.317483578559723589e-01
1.011564847190979037e+02	1.322499564437334685e-01
1.014077980390921851e+02	1.335984287324789022e-01
1.016621206036857075e+02	1.370884528067766450e-01
1.019133439536030323e+02	1.343674804737179651e-01
1.021611090492770160e+02	1.384847248916347140e-01
1.024134287982906386e+02	1.376480089348781632e-01
1.026689526987222933e+02	1.416499517412149467e-01
1.029179005362147450e+02	1.418223824524091625e-01
1.031645010122565509e+02	1.434009111398367176e-01
1.034190198448752227e+02	1.440512477983831308e-01
1.036740078018821123e+02	1.497091988300972842e-01
1.039223728592707516e+02	1.502357567985851128e-01
1.041718863957155321e+02	1.495593375188218332e-01
1.044269799004653407e+02	1.559576556024462601e-01
1.046773133673284093e+02	1.592322018809604611e-01
1.049203418007823814e+02	1.585131885759655801e-01
1.051759012379430231e+02	1.577703837454060287e-01
1.054364230283171651e+02	1.680020889696421382e-01
1.056811914497119176e+02	1.630196198666953034e-01
1.059215804876414495e+02	1.661169187286158644e-01
1.061816384917722758e+02	1.705234825155313161e-01
1.064472113030423515e+02	1.692787028561137108e-01
1.066878058983536732e+02	1.752601961002051567e-01
1.069236360402103827e+02	1.749432031637911666e-01
1.071892705778195563e+02	1.780564488970569903e-01
1.074586772409291342e+02	1.769396781065416258e-01
1.076879342587935611e+02	1.803150576838001284e-01
1.079185870885384446e+02	1.752523751839928368e-01
1.081956775747713095e+02	1.892621136536033477e-01
1.084728105259587352e+02	1.794960636558920741e-01
1.086839161354765366e+02	1.815932042481852582e-01
1.089114578639759117e+02	1.866651518687308664e-01
1.091979138747751392e+02	2.031431411996372782e-01
1.094826115122194068e+02	1.970884528338094632e-01
1.096995281563482934e+02	2.240403599929535472e-01
1.099149327348783771e+02	2.013991642600160281e-01
1.102017255337961075e+02	2.299609312514339088e-01
1.104879737748566555e+02	2.212224543738232074e-01
1.107157115274964241e+02	2.362623463363870968e-01
1.109132792987308136e+02	2.509072579643440992e-01
1.111862324688471801e+02	3.191153485578822613e-01
1.114398329385503388e+02	5.086846324680587873e-03
