3.559856489878782115e-01	3.640822104670930912e+02
6.031648866026231293e-01	2.402228726645790289e+02
8.579160745827347778e-01	1.591777928838147034e+02
1.113464310595710716e+00	1.393955733979782678e+02
1.374039914321364408e+00	1.082879540736077786e+02
1.619154704570298309e+00	9.602989453920451979e+01
1.870686673430271840e+00	8.182310852306227389e+01
2.123290040706380832e+00	6.885369607558409655e+01
2.378144976376236119e+00	5.838467732907591312e+01
2.630489925835516996e+00	5.045830056182094836e+01
2.878653162679494670e+00	4.279777319313142669e+01
3.131144366275339319e+00	3.792638500574858540e+01
3.388159578333816313e+00	3.315665648926429299e+01
3.638741848210948149e+00	2.942894342664542506e+01
3.888315910732085268e+00	2.651938447020339495e+01
4.139052155837465996e+00	2.380898296773566969e+01
4.390305777018236988e+00	2.226884266954273528e+01
4.642172339120373081e+00	2.017163769155430586e+01
4.894678666149941293e+00	1.858286417325469486e+01
5.147269052361176378e+00	1.711347502788508734e+01
5.398003206656323272e+00	1.528173628898416325e+01
5.647798235368590269e+00	1.396502330326131691e+01
5.900534302989873581e+00	1.297126905319192858e+01
6.151460297009074374e+00	1.200009157401852811e+01
6.402630176204441526e+00	1.086379081870902930e+01
6.655964674748322096e+00	1.028009639014231169e+01
6.908782583105771202e+00	9.690761220223478745e+00
7.159060853508338873e+00	8.871495317472673392e+00
7.409414762591408632e+00	8.155890394691665435e+00
7.659227149364629561e+00	7.646160053472428331e+00
7.911559474606142395e+00	7.294577855645475672e+00
8.163750941790897997e+00	6.740346823609688620e+00
8.415757210439384295e+00	6.365012456045047173e+00
8.667638839289207198e+00	6.029584722304936584e+00
8.918801124864609520e+00	5.657205784378466440e+00
9.170480108345369530e+00	5.288579792019103110e+00
9.420566033467249412e+00	4.958070120711320250e+00
9.671642335271435797e+00	4.729540901850855406e+00
9.923426157758477473e+00	4.488428864333923407e+00
1.017396902749181820e+01	4.284464543225459110e+00
1.042533700753922155e+01	4.061965597111226067e+00
1.067702948358784276e+01	3.974875894215120997e+00
1.092969337256462303e+01	3.699156805827413130e+00
1.118211872033766419e+01	3.532053457527903007e+00
1.143346516925797296e+01	3.369934204712907722e+00
1.168350508557724687e+01	3.263951522152673146e+00
1.193379937775929100e+01	3.157733021233116055e+00
1.218553055762879112e+01	3.058485901545115127e+00
1.243711650801278878e+01	2.936336309937024769e+00
1.268867268647359303e+01	2.807884045416731755e+00
1.294075027177769144e+01	2.726714766249339839e+00
1.319267287020158363e+01	2.588513443753883703e+00
1.344470571782862756e+01	2.488534759026758358e+00
1.369480150283709641e+01	2.394994844017968916e+00
1.394591277066507828e+01	2.328484479652648265e+00
1.419764645764527167e+01	2.230215214134564139e+00
1.444766774168416212e+01	2.159672328824892240e+00
1.469906835825429070e+01	2.090479113365260488e+00
1.495059118111036511e+01	2.013784587386564073e+00
1.520261612590052991e+01	1.914692236168670902e+00
1.545415944503929495e+01	1.871570682485667714e+00
1.570456072545780124e+01	1.808495331363933367e+00
1.595705800128773966e+01	1.744637071578065468e+00
1.620829297830731619e+01	1.667048805094443642e+00
1.645966591028190962e+01	1.639013309374490523e+00
1.671125708846596325e+01	1.609739172900781945e+00
1.696160259490052624e+01	1.571790065330784802e+00
1.721370276108077135e+01	1.519757738347086606e+00
1.746543424102250341e+01	1.484121820012224147e+00
1.771598473288305442e+01	1.434831832681041419e+00
1.796653767411944003e+01	1.403806821088464662e+00
1.821765658501893270e+01	1.373653474688784959e+00
1.847053788120423334e+01	1.337845021188322825e+00
1.872257696809484173e+01	1.316344403133391516e+00
1.897394097105746269e+01	1.285800126886792460e+00
1.922542454726159988e+01	1.255008842821580872e+00
1.947607703355479103e+01	1.225484310118894804e+00
1.972678839839982601e+01	1.194220455487291943e+00
1.997802698857814363e+01	1.172203901746875276e+00
2.022863620534168660e+01	1.138176088733712676e+00
2.047969598507238231e+01	1.120210324893508469e+00
2.073250439107362553e+01	1.087908332782253185e+00
2.098435855211640089e+01	1.061965501628043818e+00
2.123502923393334640e+01	1.043607102957109678e+00
2.148629411178690773e+01	1.019170796259522227e+00
2.173831825513516591e+01	9.950967848532135118e-01
2.198972260956887226e+01	9.781931272177776249e-01
2.223974971000711420e+01	9.617745202007149663e-01
2.249141870643862973e+01	9.382585351317502820e-01
2.274404614890906373e+01	9.166019144996491175e-01
2.299521835768831579e+01	8.955288300294170778e-01
2.324620084136223852e+01	8.776142810186462473e-01
2.349757798664387209e+01	8.567881612885305254e-01
2.374870488118759937e+01	8.399192527299522704e-01
2.399988781917473091e+01	8.217329844686210860e-01
2.425071646049711305e+01	8.041698821485332438e-01
2.450187830577813841e+01	7.879474804649709840e-01
2.475391093216606109e+01	7.691521337360947008e-01
2.500524226975159792e+01	7.515315812433459586e-01
2.525610980153284402e+01	7.418031995109715115e-01
2.550801425092822328e+01	7.283844394926404231e-01
2.575943113325822864e+01	7.172780744942370834e-01
2.601074166866445125e+01	7.041869551311721320e-01
2.626234447079615464e+01	6.913946058398273697e-01
2.651347712943701751e+01	6.783506624591749690e-01
2.676474177984877656e+01	6.628611429443721503e-01
2.701628079430242479e+01	6.527872818761670803e-01
2.726734205837282232e+01	6.463357519076484703e-01
2.751837013544679422e+01	6.330530731905394948e-01
2.776937726815812724e+01	6.178727061470135062e-01
2.802070160973895341e+01	6.108518335838204472e-01
2.827249982643487058e+01	5.986250784563141858e-01
2.852407603869968966e+01	5.870870327007930989e-01
2.877567300468570721e+01	5.802422007563097228e-01
2.902733523039245256e+01	5.721798360247638549e-01
2.927861073083739996e+01	5.640526392783130616e-01
2.953003196193969160e+01	5.555299707036579493e-01
2.978106336846375157e+01	5.457634440445826574e-01
3.003148440777084716e+01	5.393528892030908795e-01
3.028303386126418673e+01	5.295075256974420830e-01
3.053456493440382857e+01	5.221486946014364250e-01
3.078585183944906944e+01	5.136484776591011547e-01
3.103757946070165730e+01	5.045673182941743384e-01
3.128931656795834826e+01	4.990694188024281108e-01
3.154125974608096428e+01	4.894626907672849914e-01
3.179158626791808828e+01	4.821601123816458001e-01
3.204196438636942190e+01	4.726538646645904729e-01
3.229345624690945016e+01	4.700639943171563417e-01
3.254491795349546379e+01	4.636909781140462483e-01
3.279661199584414533e+01	4.542413620328587531e-01
3.304781054557115993e+01	4.488114855609936504e-01
3.329958828032162188e+01	4.449812061650695871e-01
3.355183723684311303e+01	4.383803357993948935e-01
3.380253855881218072e+01	4.330450894832925668e-01
3.405313147025059095e+01	4.289360574544172633e-01
3.430479305560803738e+01	4.240226404384683234e-01
3.455623390824965924e+01	4.184171252251180917e-01
3.480735498195039668e+01	4.128568897352762335e-01
3.505856438430107858e+01	4.083049397208787235e-01
3.531001549359893943e+01	4.018621171616614252e-01
3.556133107357548084e+01	3.976446330724878186e-01
3.581233698845250757e+01	3.946922156616264887e-01
3.606382608666838507e+01	3.902823819166010844e-01
3.631533331237931606e+01	3.849741249955968003e-01
3.656697642527945646e+01	3.803745109899200894e-01
3.681852327087045751e+01	3.787576081680464335e-01
3.706973766105884494e+01	3.723976840453586679e-01
3.732129678941971207e+01	3.707566257089397466e-01
3.757306314229551703e+01	3.675085147944510133e-01
3.782389924159279104e+01	3.621992905207177538e-01
3.807464007418068519e+01	3.594596524667514892e-01
3.832565302212735503e+01	3.560287367560848737e-01
3.857740378043642693e+01	3.515596941186668878e-01
3.882942253427300017e+01	3.475132214089775573e-01
3.908032307380011616e+01	3.446479102136330019e-01
3.933129330145365543e+01	3.395408669346671182e-01
3.958227876786669697e+01	3.331331268035008231e-01
3.983382520768443413e+01	3.328057009721172577e-01
4.008544842975349098e+01	3.271599849853056852e-01
4.033619301340542052e+01	3.251307144727576537e-01
4.058776599344974301e+01	3.216231983992669519e-01
4.083970221749189022e+01	3.173203049010741572e-01
4.109095921749577940e+01	3.153571454176316569e-01
4.134236727584069371e+01	3.125449549510003200e-01
4.159390229570379915e+01	3.085108329435173324e-01
4.184507899773220174e+01	3.047534923021503750e-01
4.209613747244114279e+01	3.019585618070628197e-01
4.234722818606434913e+01	3.004285919247959291e-01
4.259857332263157303e+01	2.976528564596295778e-01
4.285027109763341713e+01	2.942827078958988318e-01
4.310176195204312677e+01	2.919597533203202033e-01
4.335299280752174411e+01	2.884987052896146875e-01
4.360432095771267313e+01	2.870839119778800241e-01
4.385558663826572712e+01	2.834639623366669858e-01
4.410724528235365938e+01	2.795817101028821305e-01
4.435852190379520010e+01	2.776528590141917885e-01
4.460901713855037087e+01	2.750695182308632858e-01
4.486008510459071630e+01	2.738349978629645576e-01
4.511170295299168487e+01	2.708413728657184105e-01
4.536358210673532199e+01	2.692683930545551885e-01
4.561456198601624124e+01	2.670151789336913106e-01
4.586556721283918137e+01	2.639197184673607310e-01
4.611769651966599781e+01	2.610608068432047624e-01
4.636915627004315610e+01	2.584876853087245130e-01
4.662034887549072693e+01	2.561324114234013183e-01
4.687172305024841279e+01	2.540654659896128820e-01
4.712349745478636009e+01	2.520540549966439614e-01
4.737470617006108142e+01	2.507568133623454543e-01
4.762538569197067062e+01	2.470319947898826640e-01
4.787648835337603259e+01	2.470467723639967472e-01
4.812806309416585293e+01	2.448329833090164276e-01
4.837947377766823820e+01	2.438544747861907669e-01
4.863055608299239907e+01	2.417083382109771750e-01
4.888199020684587026e+01	2.404735701439397189e-01
4.913362466485948232e+01	2.389569166644703591e-01
4.938531946307731602e+01	2.362072285952352968e-01
4.963608988707425596e+01	2.343828447923422820e-01
4.988699356578750610e+01	2.338537750559539219e-01
5.013861839733769443e+01	2.316598350844359111e-01
5.038999807568713862e+01	2.299709677960311005e-01
5.064128572509015669e+01	2.279695478469161707e-01
5.089265153888026560e+01	2.265196169784112201e-01
5.114416620234485578e+01	2.245732046359588119e-01
5.139546355734375993e+01	2.237435125799428770e-01
5.164701680266333028e+01	2.224152512632354139e-01
5.189862905495089507e+01	2.217684208477154473e-01
5.214967308047777550e+01	2.206220363046384192e-01
5.240069291691047226e+01	2.176846584113613925e-01
5.265205790651547346e+01	2.172739768099264668e-01
5.290347041453212995e+01	2.161108189367725030e-01
5.315461969811498477e+01	2.146072466788091493e-01
5.340579219818222612e+01	2.123648066943518431e-01
5.365762065089100474e+01	2.112166079092639148e-01
5.390923473668377852e+01	2.100552765794437560e-01
5.416006359979510876e+01	2.102294816163583491e-01
5.441130437191114311e+01	2.083848174169147804e-01
5.466262745830391623e+01	2.086298551923971012e-01
5.491405993929731011e+01	2.070682509123774329e-01
5.516541491717607215e+01	2.059195784963300246e-01
5.541638268596229011e+01	2.044172623850441239e-01
5.566794564877197615e+01	2.037311879525733893e-01
5.591937805757883950e+01	2.039342539902396778e-01
5.617071533636728020e+01	2.024434263509002907e-01
5.642219117939477258e+01	2.011866528784738428e-01
5.667351334189861944e+01	2.010928788434004355e-01
5.692472708748548627e+01	2.006878428362139921e-01
5.717591204656960002e+01	1.995615334860237622e-01
5.742747687291149106e+01	1.986453024058419670e-01
5.767908487077198032e+01	1.977899886299764043e-01
5.793014671413330063e+01	1.969910370719020754e-01
5.818129395888691135e+01	1.961845755907401512e-01
5.843277276607519610e+01	1.959394155093578671e-01
5.868441457608106049e+01	1.949656440191494255e-01
5.893571635795849062e+01	1.945832328829545377e-01
5.918679860974395979e+01	1.941123609290076601e-01
5.943824578411374659e+01	1.932820847331832292e-01
5.968934443052460637e+01	1.927598020273473267e-01
5.994009881519919958e+01	1.931896791962017246e-01
6.019143008204730450e+01	1.931412837413909456e-01
6.044303967578304793e+01	1.923946204641549529e-01
6.069446539940648933e+01	1.925768762126792433e-01
6.094594283876522667e+01	1.912745470556073968e-01
6.119752142863568878e+01	1.921801594756019915e-01
6.144920707655568037e+01	1.915958393075462562e-01
6.170042875117553649e+01	1.923164683255932927e-01
6.195135852331920745e+01	1.913352956962767193e-01
6.220292279118605450e+01	1.918857167527056318e-01
6.245429299708936099e+01	1.918710019122270294e-01
6.270516484212564734e+01	1.916824501761765220e-01
6.295654789617530156e+01	1.915972176154146223e-01
6.320814180923495940e+01	1.924481015909406401e-01
6.345941573738152641e+01	1.921630039028767722e-01
6.371040057052023542e+01	1.926646048485942397e-01
6.396185745578683424e+01	1.929570907870906127e-01
6.421368546549915379e+01	1.930105069842538990e-01
6.446479073454199238e+01	1.934236192124302312e-01
6.471588673409551973e+01	1.931539363696483103e-01
6.496730834160189261e+01	1.921817378449360847e-01
6.521856319783852030e+01	1.911210568759612316e-01
6.546992987326736113e+01	1.908127514607001474e-01
6.572120553073852989e+01	1.900422806025317546e-01
6.597232322532917692e+01	1.887857755020942718e-01
6.622368994537650622e+01	1.883400504000812270e-01
6.647513103932683975e+01	1.878118615832665150e-01
6.672672959741110787e+01	1.874361144369706134e-01
6.697798244417811020e+01	1.867547105871731061e-01
6.722885542524284119e+01	1.860370094219684078e-01
6.748048616955249202e+01	1.856778505847996308e-01
6.773229923195737001e+01	1.851371920525773096e-01
6.798322572139460362e+01	1.853243813340598733e-01
6.823447173775937813e+01	1.848329672189616968e-01
6.848606896751729778e+01	1.846792232251179555e-01
6.873741544680683546e+01	1.839909360491723822e-01
6.898873787744179253e+01	1.831450248851848595e-01
6.923979673744193519e+01	1.831439281778762251e-01
6.949145441276264989e+01	1.828655723464177874e-01
6.974265210301840057e+01	1.823210510747145519e-01
6.999344031108012132e+01	1.821141312648719146e-01
7.024493114765583357e+01	1.819897025705529969e-01
7.049642464225027538e+01	1.822726633167326138e-01
7.074774315836204153e+01	1.807759222582810410e-01
7.099906993548422918e+01	1.810067630782605241e-01
7.125054486425644029e+01	1.807418247222647989e-01
7.150182990423201090e+01	1.811246910010903266e-01
7.175309169194970593e+01	1.804722511269337970e-01
7.200430886966613286e+01	1.796562009650825020e-01
7.225563655627148307e+01	1.798381289299746943e-01
7.250698057097335436e+01	1.797166238343083366e-01
7.275814540940223196e+01	1.792043187249852121e-01
7.300954011634642882e+01	1.794289486351561824e-01
7.326094744803241099e+01	1.791678100659044315e-01
7.351241635922633577e+01	1.795543727317928662e-01
7.376385704484314942e+01	1.788443269588106677e-01
7.401507686011912313e+01	1.788930649069469803e-01
7.426642983754513239e+01	1.782869419185784954e-01
7.451774392350500875e+01	1.787324136433367239e-01
7.476888196695857403e+01	1.790166367927586155e-01
7.502031254291918572e+01	1.783865204119391701e-01
7.527179980263341008e+01	1.778386694559540848e-01
7.552311252549999665e+01	1.779410404812726831e-01
7.577409780062980360e+01	1.776691327586807367e-01
7.602551875404107307e+01	1.781531224503307698e-01
7.627713348914349467e+01	1.779578968853743337e-01
7.652808863434110265e+01	1.783168433913019657e-01
7.677928937816385258e+01	1.786281297058771034e-01
7.703080422988723797e+01	1.789424981857739849e-01
7.728259641407451852e+01	1.795948127940304451e-01
7.753362846048165125e+01	1.797991253552100599e-01
7.778433144503740948e+01	1.803125592451434722e-01
7.803587445609785789e+01	1.803700952452080286e-01
7.828752478929132508e+01	1.805353009157383837e-01
7.853900368295268208e+01	1.812106203090158019e-01
7.879021312407734001e+01	1.814593617941911707e-01
7.904165509986182769e+01	1.824174781258822431e-01
7.929330413459700821e+01	1.821035670021799724e-01
7.954446877222407863e+01	1.828675594917032743e-01
7.979551714753698377e+01	1.828252864339883210e-01
8.004692165377868207e+01	1.829731329921895910e-01
8.029810489950233432e+01	1.831531383202026075e-01
8.054908874480256031e+01	1.835919632755068642e-01
8.080044321541014085e+01	1.844957019688750754e-01
8.105216211323228492e+01	1.848140310420548771e-01
8.130349433109076074e+01	1.859178534701987628e-01
8.155444015076058406e+01	1.863085383433042419e-01
8.180579598042007206e+01	1.869500386163821526e-01
8.205747345046690100e+01	1.874858507397778873e-01
8.230895288137371324e+01	1.885515970870041691e-01
8.256017853616197044e+01	1.899341286062247169e-01
8.281171136842024794e+01	1.904875960289275916e-01
8.306338874103768433e+01	1.907206673806770281e-01
8.331416972271263433e+01	1.913560729710847008e-01
8.356490365514949303e+01	1.923680251596538160e-01
8.381669207113579034e+01	1.940362822894107775e-01
8.406812178552961257e+01	1.948686168180145950e-01
8.431890933464019611e+01	1.965791686099856717e-01
8.457023187027826339e+01	1.988405001806519967e-01
8.482151559398789686e+01	2.000590737843067068e-01
8.507283003168710422e+01	2.007584734070326504e-01
8.532426808165841692e+01	2.014341589309965319e-01
8.557600476924378086e+01	2.020343344598994895e-01
8.582757594343893004e+01	2.043205753039529504e-01
8.607831587296919906e+01	2.062937212626833883e-01
8.632961333877408094e+01	2.064417727213901099e-01
8.658121923681562748e+01	2.080258042754196401e-01
8.683268673150530503e+01	2.102504417260810943e-01
8.708396519721972595e+01	2.115854017793034059e-01
8.733506961066505880e+01	2.111348486944327474e-01
8.758618105842411694e+01	2.131644829862828217e-01
8.783752567351578477e+01	2.145341197534351152e-01
8.808868914679788986e+01	2.152408464381888598e-01
8.833994003395393690e+01	2.144800030804742408e-01
8.859174898584991809e+01	2.171072306330023016e-01
8.884303273375222432e+01	2.168953765631909669e-01
8.909352487970716084e+01	2.165897648141716647e-01
8.934511690540148265e+01	2.181735641617465749e-01
8.959715158813172309e+01	2.192197112655882851e-01
8.984803368908821142e+01	2.205611360537295396e-01
9.009924288814356430e+01	2.194548265260076736e-01
9.035039732041329330e+01	2.201873036759653124e-01
9.060151066709157419e+01	2.200793254441771318e-01
9.085215645777752513e+01	2.204048694302933598e-01
9.110358912880106175e+01	2.178082943473918232e-01
9.135593221689693166e+01	2.172263631963435582e-01
9.160680049007517312e+01	2.186916016808720387e-01
9.185814296072571494e+01	2.200664906037656521e-01
9.211014914083067140e+01	2.181280648061572625e-01
9.236133039430572467e+01	2.209963361712795338e-01
9.261226961967061300e+01	2.207231870446164923e-01
9.286339612223196127e+01	2.218322503028906656e-01
9.311503395193372512e+01	2.221048260707803590e-01
9.336621751977830286e+01	2.230378510338963949e-01
9.361677474844866254e+01	2.231848632336716209e-01
9.386828402731896404e+01	2.231120446915603739e-01
9.412013166396859276e+01	2.236208974834758556e-01
9.437159577797395116e+01	2.250961608374463241e-01
9.462215507964623384e+01	2.261928804374293278e-01
9.487303142853234306e+01	2.248402025040523722e-01
9.512563612801736213e+01	2.262408483278218752e-01
9.537712370347337298e+01	2.269969909798047747e-01
9.562770329733204733e+01	2.281691438420946072e-01
9.587952553542562839e+01	2.298922375209698776e-01
9.613214193709879396e+01	2.301759861118173878e-01
9.638292294616348954e+01	2.332472233944916928e-01
9.663323205539920480e+01	2.358501273769069984e-01
9.688575427051634392e+01	2.363182634349658695e-01
9.713720230214802598e+01	2.369274672269228166e-01
9.738711075112470894e+01	2.368352873048320262e-01
9.763880850310884796e+01	2.407720881141146574e-01
9.789195925073893534e+01	2.412619192116065292e-01
9.814276473823834124e+01	2.451520078587272056e-01
9.839200152577470249e+01	2.451485456148331799e-01
9.864436939619000100e+01	2.466763065225095197e-01
9.889657229158518703e+01	2.472361518532897040e-01
9.914654206758739008e+01	2.515744278920719057e-01
9.939737265117041431e+01	2.493537355839756942e-01
9.964971324453516388e+01	2.503399490450708420e-01
9.990221505033474614e+01	2.580167223318402536e-01
1.001521516083068519e+02	2.617357809737275720e-01
1.004020181344354228e+02	2.610160124104566881e-01
1.006555261342845853e+02	2.632716840183191853e-01
1.009078779715744503e+02	2.675766710103206769e-01
1.011564847190979037e+02	2.682093798524777251e-01
1.014077980390921851e+02	2.704208873833615079e-01
1.016621206036857075e+02	2.762693826565059130e-01
1.019133439536030323e+02	2.787969298474308188e-01
1.021611090492770160e+02	2.857959596963778326e-01
1.024134287982906386e+02	2.867350751761830741e-01
1.026689526987222933e+02	2.869755565791078933e-01
1.029179005362147450e+02	2.933803901457484042e-01
1.031645010122565509e+02	3.012355514817892099e-01
1.034190198448752227e+02	3.027432857226631246e-01
1.036740078018821123e+02	3.129541781386237509e-01
1.039223728592707516e+02	3.226986562177586726e-01
1.041718863957155321e+02	3.216137584979168462e-01
1.044269799004653407e+02	3.309362063902654971e-01
1.046773133673284093e+02	3.291835406321153012e-01
1.049203418007823814e+02	3.376999426041133456e-01
1.051759012379430231e+02	3.386218735132205948e-01
1.054364230283171651e+02	3.413620491825505865e-01
1.056811914497119176e+02	3.523913217860032421e-01
1.059215804876414495e+02	3.495393337239189324e-01
1.061816384917722758e+02	3.632114109299827698e-01
1.064472113030423515e+02	3.720280356902421759e-01
1.066878058983536732e+02	3.791980417403260084e-01
1.069236360402103827e+02	3.826263538533670183e-01
1.071892705778195563e+02	3.921710867036548587e-01
1.074586772409291342e+02	4.173101183949893822e-01
1.076879342587935611e+02	4.262622143986696255e-01
1.079185870885384446e+02	4.193531961266397379e-01
1.081956775747713095e+02	4.437435571196374218e-01
1.084728105259587352e+02	4.363200626903834811e-01
1.086839161354765366e+02	4.573340010683527024e-01
1.089114578639759117e+02	4.553263812712735059e-01
1.091979138747751392e+02	4.852851228969035646e-01
1.094826115122194068e+02	4.822315970130539031e-01
1.096995281563482934e+02	5.467876701493966651e-01
1.099149327348783771e+02	5.425088826220230143e-01
1.102017255337961075e+02	5.270488496901022391e-01
1.104879737748566555e+02	5.698648706299113131e-01
1.107157115274964241e+02	6.896263962603141895e-01
1.109132792987308136e+02	5.793960296680584765e-01
1.111862324688471801e+02	6.556136398842606905e-01
1.114398329385503388e+02	3.274804098669820834e-02
